0 0.4116666666666667 0.195 0.17 0.09000000000000001
0 0.45833333333333337 0.44 0.15666666666666668 0.09333333333333334
0 0.5766666666666667 0.49333333333333335 0.13333333333333333 0.08
0 0.09833333333333334 0.7366666666666667 0.06333333333333334 0.04
0 0.41000000000000003 0.5266666666666667 0.05333333333333334 0.04
0 0.455 0.5766666666666667 0.09000000000000001 0.07333333333333333
0 0.6766666666666667 0.7633333333333334 0.10666666666666667 0.06666666666666667
0 0.9266666666666667 0.5816666666666667 0.14666666666666667 0.10333333333333335
0 0.7366666666666667 0.385 0.15333333333333335 0.09666666666666668
0 0.8566666666666667 0.25833333333333336 0.13333333333333333 0.11666666666666667
0 0.8766666666666667 0.15333333333333335 0.13333333333333333 0.14666666666666667
0 0.9700000000000001 0.10833333333333334 0.060000000000000005 0.13
0 0.36500000000000005 0.9466666666666668 0.17 0.08
0 0.5900000000000001 0.9116666666666667 0.060000000000000005 0.03666666666666667
