0 0.31333333333333335 0.42500000000000004 0.26666666666666666 0.09000000000000001
0 0.305 0.5583333333333333 0.2966666666666667 0.09666666666666668
0 0.25833333333333336 0.18166666666666667 0.24333333333333335 0.07666666666666667
0 0.35000000000000003 0.9066666666666667 0.2733333333333334 0.07333333333333333
0 0.51 0.7733333333333334 0.24666666666666667 0.08666666666666667
0 0.6333333333333334 0.6733333333333333 0.11333333333333334 0.05333333333333334
0 0.7366666666666667 0.6533333333333333 0.16666666666666669 0.07333333333333333
0 0.6866666666666668 0.30333333333333334 0.26666666666666666 0.09333333333333334
0 0.7133333333333334 0.2566666666666667 0.16 0.08
0 0.8550000000000001 0.23833333333333334 0.15666666666666668 0.08333333333333334
0 0.4516666666666667 0.15000000000000002 0.20333333333333334 0.07333333333333333
0 0.46 0.09833333333333334 0.2 0.05
0 0.315 0.015000000000000001 0.15666666666666668 0.023333333333333334
0 0.07 0.7200000000000001 0.07333333333333333 0.03333333333333333
0 0.7333333333333334 0.935 0.09333333333333334 0.043333333333333335
0 0.7416666666666667 0.7833333333333334 0.08333333333333334 0.04666666666666667
0 0.02 0.885 0.03333333333333333 0.06333333333333334
