0 0.22333333333333336 0.505 0.09666666666666668 0.07444444444444444
0 0.38833333333333336 0.47055555555555556 0.10333333333333335 0.09444444444444444
0 0.5370833333333334 0.37666666666666665 0.08916666666666667 0.06222222222222222
0 0.5020833333333333 0.3227777777777778 0.07416666666666667 0.07444444444444444
0 0.5566666666666668 0.305 0.058333333333333334 0.04777777777777778
0 0.1379166666666667 0.315 0.05416666666666667 0.03888888888888889
0 0.22458333333333336 0.37222222222222223 0.11916666666666667 0.06222222222222222
0 0.15916666666666668 0.5311111111111111 0.03833333333333334 0.044444444444444446
0 0.6058333333333333 0.5533333333333333 0.07166666666666667 0.08444444444444445
0 0.8079166666666667 0.485 0.12250000000000001 0.06555555555555556
0 0.9075000000000001 0.5155555555555555 0.08 0.051111111111111114
0 0.6362500000000001 0.37666666666666665 0.0775 0.07777777777777778
0 0.7054166666666667 0.3233333333333333 0.08916666666666667 0.11777777777777777
0 0.85375 0.3672222222222222 0.0475 0.052222222222222225
0 0.9354166666666667 0.3988888888888889 0.08083333333333334 0.06444444444444444
0 0.33916666666666667 0.2838888888888889 0.05666666666666667 0.025555555555555557
0 0.06875 0.3388888888888889 0.052500000000000005 0.03111111111111111
0 0.020833333333333336 0.46555555555555556 0.04 0.035555555555555556
0 0.0625 0.29 0.04166666666666667 0.026666666666666665
0 0.46458333333333335 0.53 0.09083333333333334 0.05333333333333333
