0 0.2866666666666667 0.33 0.25333333333333335 0.15333333333333335
0 0.33666666666666667 0.27166666666666667 0.060000000000000005 0.03666666666666667
0 0.22 0.6050000000000001 0.07333333333333333 0.07
0 0.43833333333333335 0.7616666666666667 0.09666666666666668 0.07
0 0.30833333333333335 0.8666666666666667 0.06333333333333334 0.04
0 0.6216666666666667 0.515 0.11 0.10333333333333335
0 0.6183333333333334 0.7050000000000001 0.13 0.09666666666666668
0 0.7733333333333334 0.8666666666666667 0.07333333333333333 0.04666666666666667
0 0.9433333333333334 0.8233333333333334 0.07333333333333333 0.04666666666666667
0 0.8883333333333334 0.9750000000000001 0.11 0.05
0 0.07333333333333333 0.22833333333333336 0.09333333333333334 0.05
0 0.3516666666666667 0.03666666666666667 0.10333333333333335 0.060000000000000005
0 0.9466666666666668 0.36333333333333334 0.060000000000000005 0.05333333333333334
0 0.6866666666666668 0.3716666666666667 0.03333333333333333 0.030000000000000002
0 0.5033333333333334 0.2866666666666667 0.05333333333333334 0.04
0 0.6016666666666667 0.22166666666666668 0.06333333333333334 0.043333333333333335
0 0.36333333333333334 0.49833333333333335 0.26666666666666666 0.17
