1 0.22 0.5516666666666667 0.16666666666666669 0.15000000000000002
1 0.17833333333333334 0.6716666666666667 0.14333333333333334 0.13
1 0.36500000000000005 0.6916666666666668 0.23 0.14333333333333334
1 0.24500000000000002 0.44833333333333336 0.15666666666666668 0.08333333333333334
1 0.19333333333333336 0.34 0.11333333333333334 0.1
1 0.4683333333333334 0.5216666666666667 0.1366666666666667 0.11
1 0.48500000000000004 0.41833333333333333 0.14333333333333334 0.10333333333333335
1 0.38833333333333336 0.29833333333333334 0.17 0.16333333333333333
1 0.38833333333333336 0.17833333333333334 0.11 0.11666666666666667
1 0.64 0.3433333333333334 0.12000000000000001 0.16666666666666669
1 0.5650000000000001 0.5883333333333334 0.23 0.16333333333333333
1 0.8150000000000001 0.9016666666666667 0.20333333333333334 0.14333333333333334
1 0.7983333333333333 0.7200000000000001 0.15666666666666668 0.11333333333333334
