1 0.26333333333333336 0.08333333333333334 0.12666666666666668 0.12666666666666668
1 0.2966666666666667 0.515 0.14 0.16333333333333333
1 0.2516666666666667 0.6816666666666668 0.08333333333333334 0.07666666666666667
1 0.26333333333333336 0.9383333333333334 0.08666666666666667 0.12333333333333334
1 0.05666666666666667 0.7683333333333334 0.1 0.18333333333333335
1 0.09333333333333334 0.66 0.1 0.10666666666666667
1 0.05 0.5433333333333333 0.09333333333333334 0.14
1 0.07166666666666667 0.39333333333333337 0.12333333333333334 0.14666666666666667
1 0.10500000000000001 0.26 0.10333333333333335 0.10666666666666667
1 0.5016666666666667 0.1366666666666667 0.09666666666666668 0.13333333333333333
1 0.4966666666666667 0.5516666666666667 0.09333333333333334 0.18333333333333335
1 0.5283333333333333 0.7300000000000001 0.07666666666666667 0.1
1 0.5116666666666667 0.9233333333333333 0.15000000000000002 0.14666666666666667
1 0.6416666666666667 0.33333333333333337 0.07 0.09333333333333334
1 0.635 0.2366666666666667 0.08333333333333334 0.08666666666666667
1 0.6516666666666667 0.14333333333333334 0.09666666666666668 0.12000000000000001
1 0.6833333333333333 0.8650000000000001 0.07333333333333333 0.22333333333333336
1 0.8133333333333334 0.66 0.08666666666666667 0.14
