0 0.02734375 0.11099585062240663 0.0390625 0.029045643153526972
0 0.021875000000000002 0.24066390041493776 0.040625 0.05394190871369295
0 0.1375 0.404045643153527 0.06875 0.11514522821576763
0 0.13359375 0.5456431535269709 0.060937500000000006 0.06431535269709543
0 0.12421875 0.696058091286307 0.06406250000000001 0.1078838174273859
0 0.11015625000000001 0.1887966804979253 0.0421875 0.06016597510373444
0 0.371875 0.19917012448132781 0.040625 0.06431535269709543
0 0.37421875000000004 0.4403526970954357 0.0671875 0.07365145228215768
0 0.45234375000000004 0.39574688796680496 0.0421875 0.07365145228215768
0 0.48125 0.26815352697095435 0.040625 0.061203319502074686
0 0.225 0.7567427385892116 0.065625 0.04045643153526971
0 0.37812500000000004 0.5803941908713693 0.040625 0.03423236514522822
0 0.50703125 0.5835062240663901 0.051562500000000004 0.061203319502074686
0 0.48359375000000004 0.16493775933609958 0.045312500000000006 0.08298755186721991
0 0.5140625 0.11151452282157677 0.053125000000000006 0.05912863070539419
0 0.67890625 0.0803941908713693 0.051562500000000004 0.09439834024896265
0 0.6257812500000001 0.3755186721991701 0.0390625 0.049792531120331954
0 0.534375 0.22406639004149378 0.0625 0.058091286307053944
0 0.36640625000000004 0.946058091286307 0.0578125 0.06016597510373444
0 0.6570312500000001 0.6504149377593361 0.045312500000000006 0.035269709543568464
0 0.8765625 0.4636929460580913 0.059375000000000004 0.05394190871369295
0 0.53125 0.8029045643153527 0.053125000000000006 0.04149377593360996
0 0.5828125000000001 0.8065352697095436 0.040625 0.0508298755186722
0 0.9789062500000001 0.3303941908713693 0.0421875 0.09024896265560166
0 0.8617187500000001 0.975103734439834 0.060937500000000006 0.03319502074688797
0 0.8835937500000001 0.8874481327800829 0.0484375 0.054979253112033194
0 0.43828125 0.7562240663900415 0.0484375 0.03941908713692946
0 0.28828125 0.7380705394190872 0.026562500000000003 0.028008298755186723
