0 0.8116666666666668 0.055 0.05 0.043333333333333335
0 0.545 0.16333333333333333 0.05 0.03333333333333333
0 0.405 0.5216666666666667 0.09666666666666668 0.09666666666666668
0 0.4516666666666667 0.42500000000000004 0.043333333333333335 0.03666666666666667
0 0.36833333333333335 0.43000000000000005 0.05 0.04666666666666667
0 0.5633333333333334 0.4316666666666667 0.05333333333333334 0.05
0 0.6516666666666667 0.5700000000000001 0.07 0.06666666666666667
0 0.6883333333333334 0.5850000000000001 0.03666666666666667 0.030000000000000002
0 0.7383333333333334 0.5733333333333334 0.043333333333333335 0.03333333333333333
0 0.16666666666666669 0.4366666666666667 0.060000000000000005 0.05333333333333334
0 0.8216666666666668 0.2816666666666667 0.07666666666666667 0.08333333333333334
0 0.29500000000000004 0.56 0.043333333333333335 0.04
0 0.058333333333333334 0.7216666666666667 0.043333333333333335 0.05
0 0.22166666666666668 0.655 0.07666666666666667 0.09666666666666668
0 0.37833333333333335 0.6433333333333334 0.05 0.06666666666666667
0 0.55 0.6633333333333333 0.060000000000000005 0.07333333333333333
0 0.45 0.7350000000000001 0.05333333333333334 0.05
0 0.5833333333333334 0.3566666666666667 0.04 0.03333333333333333
0 0.635 0.35000000000000003 0.03666666666666667 0.03333333333333333
0 0.4916666666666667 0.3416666666666667 0.043333333333333335 0.043333333333333335
0 0.5133333333333334 0.2733333333333334 0.04 0.04
0 0.37833333333333335 0.25833333333333336 0.05 0.03666666666666667
0 0.445 0.21000000000000002 0.05 0.02666666666666667
0 0.42833333333333334 0.16333333333333333 0.05 0.04
0 0.32833333333333337 0.23500000000000001 0.05 0.043333333333333335
0 0.25 0.13 0.060000000000000005 0.04
0 0.78 0.10666666666666667 0.04 0.03333333333333333
0 0.7483333333333334 0.23500000000000001 0.03666666666666667 0.03666666666666667
0 0.3116666666666667 0.06666666666666667 0.03666666666666667 0.03333333333333333
0 0.30833333333333335 0.13833333333333334 0.043333333333333335 0.05
0 0.3816666666666667 0.2016666666666667 0.030000000000000002 0.030000000000000002
0 0.6683333333333333 0.19333333333333336 0.030000000000000002 0.03333333333333333
0 0.8983333333333334 0.23833333333333334 0.03666666666666667 0.043333333333333335
0 0.795 0.395 0.03666666666666667 0.03666666666666667
0 0.92 0.3066666666666667 0.04666666666666667 0.05333333333333334
0 0.9216666666666667 0.14666666666666667 0.07666666666666667 0.09333333333333334
0 0.195 0.8366666666666667 0.17 0.12000000000000001
0 0.5233333333333333 0.7916666666666667 0.04 0.03666666666666667
0 0.5533333333333333 0.7616666666666667 0.03333333333333333 0.030000000000000002
0 0.6333333333333334 0.7333333333333334 0.02666666666666667 0.02666666666666667
0 0.5716666666666667 0.8966666666666667 0.03666666666666667 0.03333333333333333
0 0.7633333333333334 0.6900000000000001 0.04 0.04
0 0.5766666666666667 0.9650000000000001 0.04 0.030000000000000002
0 0.27 0.08833333333333333 0.05333333333333334 0.05
0 0.22333333333333336 0.5083333333333334 0.03333333333333333 0.030000000000000002
0 0.25 0.48333333333333334 0.03333333333333333 0.02666666666666667
0 0.33333333333333337 0.02 0.03333333333333333 0.03333333333333333
0 0.8316666666666667 0.11833333333333335 0.043333333333333335 0.05
0 0.8666666666666667 0.13 0.02666666666666667 0.02666666666666667
0 0.43500000000000005 0.8400000000000001 0.030000000000000002 0.02666666666666667
0 0.7033333333333334 0.23333333333333334 0.05333333333333334 0.08
0 0.26 0.3433333333333334 0.12000000000000001 0.14666666666666667
0 0.5966666666666667 0.78 0.03333333333333333 0.02666666666666667
0 0.4133333333333334 0.91 0.04 0.03333333333333333
0 0.4666666666666667 0.8516666666666667 0.03333333333333333 0.030000000000000002
0 0.14666666666666667 0.9633333333333334 0.060000000000000005 0.05333333333333334
0 0.07166666666666667 0.8666666666666667 0.030000000000000002 0.02666666666666667
0 0.21000000000000002 0.7533333333333334 0.02 0.02
0 0.18000000000000002 0.7366666666666667 0.02 0.02
0 0.13 0.7533333333333334 0.02 0.02
0 0.115 0.5466666666666667 0.09000000000000001 0.08
0 0.4733333333333334 0.6883333333333334 0.04 0.030000000000000002
0 0.11 0.6333333333333334 0.060000000000000005 0.060000000000000005
0 0.4733333333333334 0.9066666666666667 0.1 0.11333333333333334
0 0.42000000000000004 0.30333333333333334 0.08666666666666667 0.09333333333333334
0 0.7616666666666667 0.19666666666666668 0.023333333333333334 0.02666666666666667
0 0.6466666666666667 0.12833333333333335 0.03333333333333333 0.030000000000000002
0 0.8183333333333334 0.42500000000000004 0.043333333333333335 0.07
0 0.5650000000000001 0.5583333333333333 0.030000000000000002 0.03666666666666667
0 0.5900000000000001 0.8233333333333334 0.05333333333333334 0.05333333333333334
0 0.6066666666666667 0.9083333333333334 0.04666666666666667 0.043333333333333335
0 0.18000000000000002 0.3066666666666667 0.04 0.05333333333333334
0 0.2066666666666667 0.31833333333333336 0.02666666666666667 0.023333333333333334
0 0.29000000000000004 0.905 0.04 0.030000000000000002
0 0.36333333333333334 0.9850000000000001 0.03333333333333333 0.030000000000000002
0 0.7216666666666667 0.5283333333333333 0.06333333333333334 0.07666666666666667
0 0.25 0.9850000000000001 0.060000000000000005 0.030000000000000002
0 0.395 0.9783333333333334 0.05 0.043333333333333335
0 0.8216666666666668 0.54 0.05666666666666667 0.10666666666666667
0 0.12833333333333335 0.38333333333333336 0.03666666666666667 0.02666666666666667
0 0.115 0.44333333333333336 0.030000000000000002 0.05333333333333334
0 0.9316666666666668 0.24500000000000002 0.023333333333333334 0.030000000000000002
0 0.6616666666666667 0.34500000000000003 0.030000000000000002 0.023333333333333334
0 0.7583333333333334 0.4266666666666667 0.023333333333333334 0.02666666666666667
