0 0.20103092783505155 0.0637065637065637 0.041237113402061855 0.0888030888030888
0 0.31958762886597936 0.02316602316602317 0.05154639175257732 0.03861003861003861
0 0.3556701030927835 0.0637065637065637 0.061855670103092786 0.07335907335907337
0 0.27835051546391754 0.12934362934362933 0.061855670103092786 0.0888030888030888
0 0.45618556701030927 0.04054054054054054 0.05670103092783505 0.07335907335907337
0 0.5979381443298969 0.09073359073359073 0.08247422680412371 0.09652509652509653
0 0.5567010309278351 0.29922779922779924 0.10309278350515463 0.11969111969111969
0 0.3582474226804124 0.3861003861003861 0.08762886597938144 0.07722007722007722
0 0.30412371134020616 0.4922779922779923 0.041237113402061855 0.06563706563706564
0 0.17268041237113402 0.5019305019305019 0.06701030927835051 0.09266409266409267
0 0.461340206185567 0.4864864864864865 0.05670103092783505 0.10810810810810811
0 0.4020618556701031 0.4498069498069498 0.041237113402061855 0.0501930501930502
0 0.711340206185567 0.27606177606177607 0.041237113402061855 0.11969111969111969
0 0.6417525773195876 0.5694980694980695 0.07731958762886598 0.11196911196911197
0 0.30927835051546393 0.6351351351351352 0.041237113402061855 0.07335907335907337
0 0.39690721649484534 0.7277992277992278 0.061855670103092786 0.09652509652509653
0 0.5257731958762887 0.7065637065637066 0.05154639175257732 0.06177606177606178
0 0.29896907216494845 0.8088803088803089 0.061855670103092786 0.10424710424710425
0 0.5360824742268041 0.8590733590733591 0.08247422680412371 0.0888030888030888
