0 0.6983333333333334 0.5533333333333333 0.08333333333333334 0.060000000000000005
0 0.7066666666666667 0.19166666666666668 0.09333333333333334 0.05666666666666667
0 0.38333333333333336 0.35333333333333333 0.060000000000000005 0.04
0 0.42500000000000004 0.8616666666666667 0.11666666666666667 0.06333333333333334
0 0.8533333333333334 0.5733333333333334 0.05333333333333334 0.04666666666666667
0 0.8 0.5166666666666667 0.04666666666666667 0.02666666666666667
0 0.41000000000000003 0.505 0.03333333333333333 0.016666666666666666
0 0.385 0.6716666666666667 0.05666666666666667 0.023333333333333334
0 0.6933333333333334 0.7233333333333334 0.03333333333333333 0.02
0 0.4033333333333334 0.23333333333333334 0.08 0.05333333333333334
0 0.6866666666666668 0.7883333333333333 0.03333333333333333 0.023333333333333334
0 0.335 0.09166666666666667 0.030000000000000002 0.023333333333333334
0 0.7583333333333334 0.6683333333333333 0.03666666666666667 0.023333333333333334
0 0.7566666666666667 0.545 0.05333333333333334 0.043333333333333335
0 0.3616666666666667 0.44833333333333336 0.043333333333333335 0.043333333333333335
0 0.7083333333333334 0.48333333333333334 0.05666666666666667 0.04
0 0.8966666666666667 0.7183333333333334 0.04 0.030000000000000002
0 0.9616666666666668 0.6950000000000001 0.043333333333333335 0.030000000000000002
0 0.2 0.7166666666666667 0.05333333333333334 0.03333333333333333
0 0.4666666666666667 0.5983333333333334 0.05333333333333334 0.03666666666666667
