1 0.4216666666666667 0.5783333333333334 0.13 0.14333333333333334
1 0.4 0.7816666666666667 0.15333333333333335 0.11666666666666667
1 0.4816666666666667 0.6900000000000001 0.16333333333333333 0.1
1 0.5766666666666667 0.6233333333333334 0.07333333333333333 0.060000000000000005
1 0.6366666666666667 0.525 0.08 0.09000000000000001
1 0.5333333333333333 0.5333333333333333 0.07333333333333333 0.06666666666666667
1 0.5816666666666667 0.47500000000000003 0.07666666666666667 0.06333333333333334
1 0.555 0.4083333333333334 0.15000000000000002 0.12333333333333334
1 0.6950000000000001 0.44333333333333336 0.09666666666666668 0.1
1 0.7433333333333334 0.33166666666666667 0.16 0.07666666666666667
1 0.5133333333333334 0.30000000000000004 0.08 0.07333333333333333
1 0.6116666666666667 0.16166666666666668 0.08333333333333334 0.09000000000000001
1 0.5433333333333333 0.17500000000000002 0.08 0.07666666666666667
1 0.6066666666666667 0.11666666666666667 0.09333333333333334 0.08666666666666667
1 0.5033333333333334 0.04166666666666667 0.06666666666666667 0.05666666666666667
