0 0.17 0.23615916955017302 0.06285714285714286 0.07093425605536333
0 0.49214285714285716 0.19290657439446368 0.07285714285714286 0.06401384083044982
0 0.18285714285714286 0.5346020761245674 0.09428571428571429 0.05536332179930796
0 0.2692857142857143 0.6764705882352942 0.09857142857142857 0.06228373702422146
0 0.4307142857142857 0.7664359861591695 0.14142857142857143 0.0726643598615917
0 0.5378571428571428 0.6548442906574394 0.16142857142857142 0.09515570934256055
0 0.6342857142857142 0.578719723183391 0.09142857142857143 0.07439446366782007
0 0.9414285714285714 0.6081314878892734 0.06571428571428571 0.07439446366782007
0 0.3492857142857143 0.31228373702422146 0.10142857142857142 0.039792387543252594
0 0.6257142857142857 0.3546712802768166 0.1 0.0726643598615917
0 0.765 0.8096885813148789 0.08714285714285715 0.04152249134948097
0 0.75 0.29498269896193774 0.045714285714285714 0.039792387543252594
0 0.4492857142857143 0.2430795847750865 0.04428571428571428 0.025951557093425608
0 0.33071428571428574 0.1583044982698962 0.07 0.02249134948096886
0 0.8407142857142857 0.38321799307958476 0.06714285714285714 0.02249134948096886
0 0.3092857142857143 0.8442906574394464 0.07285714285714286 0.02768166089965398
0 0.05 0.7231833910034602 0.07142857142857142 0.03460207612456748
