1 0.28833333333333333 0.28 0.13 0.1
1 0.5883333333333334 0.3016666666666667 0.18333333333333335 0.13
1 0.7616666666666667 0.5133333333333334 0.18333333333333335 0.16666666666666669
1 0.5950000000000001 0.5833333333333334 0.09666666666666668 0.08
1 0.4783333333333334 0.49333333333333335 0.17666666666666667 0.2
1 0.5850000000000001 0.8266666666666668 0.13 0.18666666666666668
1 0.645 0.7050000000000001 0.09666666666666668 0.09000000000000001
1 0.8183333333333334 0.665 0.16333333333333333 0.10333333333333335
1 0.8450000000000001 0.9133333333333334 0.11666666666666667 0.13333333333333333
1 0.905 0.8233333333333334 0.11 0.08666666666666667
1 0.16333333333333333 0.05166666666666667 0.16666666666666669 0.09666666666666668
1 0.7150000000000001 0.3016666666666667 0.08333333333333334 0.09000000000000001
1 0.6583333333333333 0.13333333333333333 0.13 0.12000000000000001
