0 0.5033333333333334 0.5583333333333333 0.1 0.05666666666666667
0 0.3116666666666667 0.08666666666666667 0.12333333333333334 0.08
0 0.23 0.16333333333333333 0.06666666666666667 0.04
0 0.16 0.1716666666666667 0.060000000000000005 0.043333333333333335
0 0.76 0.8566666666666667 0.06666666666666667 0.04
0 0.5016666666666667 0.4066666666666667 0.11 0.06666666666666667
0 0.5750000000000001 0.4083333333333334 0.05 0.030000000000000002
0 0.7250000000000001 0.5566666666666668 0.06333333333333334 0.03333333333333333
0 0.8750000000000001 0.19333333333333336 0.043333333333333335 0.03333333333333333
0 0.26833333333333337 0.51 0.05666666666666667 0.02666666666666667
0 0.5566666666666668 0.64 0.08 0.03333333333333333
0 0.5666666666666667 0.5516666666666667 0.04666666666666667 0.023333333333333334
0 0.7016666666666667 0.26166666666666666 0.05 0.030000000000000002
0 0.8633333333333334 0.34 0.060000000000000005 0.02666666666666667
0 0.9083333333333334 0.42500000000000004 0.043333333333333335 0.030000000000000002
0 0.9416666666666668 0.4083333333333334 0.03666666666666667 0.023333333333333334
0 0.8516666666666667 0.5833333333333334 0.043333333333333335 0.02666666666666667
0 0.4733333333333334 0.755 0.06666666666666667 0.030000000000000002
0 0.7933333333333333 0.9216666666666667 0.07333333333333333 0.03666666666666667
0 0.5850000000000001 0.9800000000000001 0.06333333333333334 0.02666666666666667
0 0.6216666666666667 0.8983333333333334 0.05 0.023333333333333334
0 0.9016666666666667 0.9166666666666667 0.05666666666666667 0.02666666666666667
0 0.9516666666666668 0.6316666666666667 0.09666666666666668 0.03666666666666667
0 0.9733333333333334 0.5933333333333334 0.05333333333333334 0.02666666666666667
0 0.43000000000000005 0.055 0.03333333333333333 0.023333333333333334
0 0.885 0.27 0.043333333333333335 0.02666666666666667
0 0.7000000000000001 0.3016666666666667 0.04 0.023333333333333334
0 0.6733333333333333 0.29500000000000004 0.02666666666666667 0.023333333333333334
0 0.8350000000000001 0.405 0.043333333333333335 0.016666666666666666
0 0.8083333333333333 0.16166666666666668 0.023333333333333334 0.016666666666666666
0 0.7616666666666667 0.30000000000000004 0.03666666666666667 0.02
0 0.13833333333333334 0.225 0.05 0.023333333333333334
0 0.9433333333333334 0.4683333333333334 0.04 0.023333333333333334
0 0.2 0.4216666666666667 0.07333333333333333 0.03666666666666667
0 0.24500000000000002 0.32833333333333337 0.05666666666666667 0.03666666666666667
0 0.3066666666666667 0.36500000000000005 0.03333333333333333 0.023333333333333334
0 0.31833333333333336 0.41833333333333333 0.043333333333333335 0.030000000000000002
0 0.47500000000000003 0.2916666666666667 0.043333333333333335 0.030000000000000002
0 0.31333333333333335 0.2566666666666667 0.04 0.02666666666666667
0 0.4316666666666667 0.9333333333333333 0.07 0.03333333333333333
0 0.9733333333333334 0.7050000000000001 0.05333333333333334 0.05666666666666667
0 0.6933333333333334 0.33666666666666667 0.03333333333333333 0.02666666666666667
0 0.62 0.33666666666666667 0.04 0.02
0 0.6616666666666667 0.9566666666666668 0.07666666666666667 0.03333333333333333
0 0.38833333333333336 0.46 0.07 0.03333333333333333
0 0.8683333333333334 0.88 0.05 0.03333333333333333
0 0.61 0.5983333333333334 0.04666666666666667 0.030000000000000002
0 0.7783333333333334 0.41833333333333333 0.043333333333333335 0.023333333333333334
0 0.8116666666666668 0.2783333333333334 0.05666666666666667 0.030000000000000002
0 0.3433333333333334 0.9216666666666667 0.07333333333333333 0.030000000000000002
