1 0.63 0.765 0.32666666666666666 0.25
1 0.3983333333333334 0.5616666666666666 0.15000000000000002 0.10333333333333335
1 0.29500000000000004 0.4566666666666667 0.15666666666666668 0.14
1 0.315 0.3666666666666667 0.09000000000000001 0.1
1 0.5016666666666667 0.41000000000000003 0.25 0.12000000000000001
1 0.5366666666666667 0.48833333333333334 0.12666666666666668 0.08333333333333334
1 0.2366666666666667 0.26666666666666666 0.08 0.06666666666666667
1 0.26 0.325 0.09333333333333334 0.07
1 0.23500000000000001 0.17500000000000002 0.07666666666666667 0.05666666666666667
1 0.16 0.11666666666666667 0.10666666666666667 0.09333333333333334
