0 0.81 0.30333333333333334 0.05333333333333334 0.04666666666666667
0 0.6833333333333333 0.36000000000000004 0.06666666666666667 0.04666666666666667
0 0.775 0.44833333333333336 0.07666666666666667 0.05666666666666667
0 0.48000000000000004 0.7733333333333334 0.04 0.03333333333333333
0 0.6716666666666667 0.7883333333333333 0.09666666666666668 0.05
0 0.6866666666666668 0.6833333333333333 0.04 0.04
0 0.7583333333333334 0.7183333333333334 0.03666666666666667 0.030000000000000002
0 0.8883333333333334 0.93 0.05 0.03333333333333333
0 0.6633333333333333 0.635 0.03333333333333333 0.023333333333333334
0 0.48000000000000004 0.6383333333333334 0.04666666666666667 0.030000000000000002
0 0.5916666666666667 0.7133333333333334 0.043333333333333335 0.02666666666666667
0 0.6166666666666667 0.6583333333333333 0.08666666666666667 0.03666666666666667
0 0.8166666666666668 0.75 0.02666666666666667 0.02666666666666667
