0 0.1258741258741259 0.5 0.055944055944055944 0.13043478260869565
0 0.23601398601398602 0.45652173913043476 0.08041958041958042 0.10869565217391304
0 0.34965034965034963 0.2608695652173913 0.0979020979020979 0.19565217391304346
0 0.28146853146853146 0.8097826086956521 0.21328671328671328 0.11956521739130435
0 0.4143356643356643 0.5597826086956521 0.12237762237762238 0.16304347826086957
0 0.49125874125874125 0.32065217391304346 0.06643356643356643 0.20652173913043478
0 0.5559440559440559 0.21739130434782608 0.04195804195804196 0.13043478260869565
0 0.6590909090909091 0.32065217391304346 0.11538461538461539 0.11956521739130435
0 0.833916083916084 0.27717391304347827 0.15734265734265734 0.16304347826086957
0 0.5996503496503497 0.9239130434782609 0.19230769230769232 0.13043478260869565
0 0.04895104895104895 0.9347826086956521 0.09090909090909091 0.13043478260869565
0 0.5734265734265734 0.717391304347826 0.1258741258741259 0.13043478260869565
0 0.6066433566433567 0.6086956521739131 0.05244755244755245 0.15217391304347827
0 0.8356643356643356 0.47282608695652173 0.06293706293706294 0.09782608695652173
0 0.8391608391608392 0.7010869565217391 0.04195804195804196 0.09782608695652173
0 0.8933566433566433 0.6141304347826086 0.045454545454545456 0.09782608695652173
0 0.9877622377622378 0.30434782608695654 0.024475524475524476 0.13043478260869565
0 0.9790209790209791 0.5 0.03496503496503497 0.13043478260869565
0 0.9842657342657343 0.8858695652173912 0.03146853146853147 0.11956521739130435
0 0.958041958041958 0.059782608695652176 0.027972027972027972 0.07608695652173914
