0 0.6366666666666667 0.3816666666666667 0.06666666666666667 0.043333333333333335
0 0.645 0.4666666666666667 0.05666666666666667 0.04
0 0.6416666666666667 0.755 0.05 0.03666666666666667
0 0.6733333333333333 0.2016666666666667 0.05333333333333334 0.03666666666666667
0 0.5016666666666667 0.04666666666666667 0.06333333333333334 0.04
0 0.5800000000000001 0.23333333333333334 0.05333333333333334 0.04
0 0.5700000000000001 0.32 0.06666666666666667 0.04666666666666667
0 0.395 0.21166666666666667 0.03666666666666667 0.030000000000000002
0 0.42500000000000004 0.22333333333333336 0.043333333333333335 0.02666666666666667
0 0.3866666666666667 0.7050000000000001 0.04 0.043333333333333335
0 0.49833333333333335 0.6066666666666667 0.05 0.04
0 0.48500000000000004 0.7366666666666667 0.03666666666666667 0.03333333333333333
0 0.5433333333333333 0.7150000000000001 0.04666666666666667 0.03666666666666667
0 0.6733333333333333 0.8683333333333334 0.060000000000000005 0.05
0 0.5700000000000001 0.5433333333333333 0.04666666666666667 0.04
0 0.5916666666666667 0.6133333333333334 0.05 0.04
0 0.555 0.5700000000000001 0.03666666666666667 0.04
0 0.465 0.4416666666666667 0.043333333333333335 0.03666666666666667
0 0.48333333333333334 0.265 0.02666666666666667 0.023333333333333334
0 0.48333333333333334 0.2833333333333333 0.04 0.02666666666666667
0 0.4033333333333334 0.08 0.03333333333333333 0.03333333333333333
