0 0.64765625 0.52890625 0.0828125 0.05625
0 0.625 0.54921875 0.5453125 0.184375
0 0.528125 0.475 0.153125 0.0859375
0 0.55625 0.8578125 0.1296875 0.06875
0 0.54375 0.9703125 0.38125 0.059375
0 0.59453125 0.290625 0.04375 0.0484375
0 0.1859375 0.08125 0.371875 0.0765625
0 0.503125 0.734375 0.0828125 0.04375
0 0.32890625 0.87890625 0.0703125 0.04375
0 0.296875 0.8046875 0.1484375 0.03125
0 0.12578125 0.4796875 0.1140625 0.0859375
0 0.190625 0.35 0.084375 0.06875
0 0.678125 0.82734375 0.1390625 0.1671875
0 0.61328125 0.10234375 0.1671875 0.2