0 0.35234375 0.52890625 0.0828125 0.05625
0 0.375 0.54921875 0.5453125 0.184375
0 0.471875 0.475 0.153125 0.0859375
0 0.44375 0.8578125 0.1296875 0.06875
0 0.45625 0.9703125 0.38125 0.059375
0 0.40546875 0.290625 0.04375 0.0484375
0 0.8140625 0.08125 0.371875 0.0765625
0 0.496875 0.734375 0.0828125 0.04375
0 0.67109375 0.87890625 0.0703125 0.04375
0 0.703125 0.8046875 0.1484375 0.03125
0 0.87421875 0.4796875 0.1140625 0.0859375
0 0.809375 0.35 0.084375 0.06875
0 0.321875 0.82734375 0.1390625 0.1671875
0 0.38671875 0.10234375 0.1671875 0.2