0 0.35234375 0.47109375 0.0828125 0.05625
0 0.375 0.45078125 0.5453125 0.184375
0 0.471875 0.525 0.153125 0.0859375
0 0.44375 0.1421875 0.1296875 0.06875
0 0.45625 0.0296875 0.38125 0.059375
0 0.40546875 0.709375 0.04375 0.0484375
0 0.8140625 0.91875 0.371875 0.0765625
0 0.496875 0.265625 0.0828125 0.04375
0 0.67109375 0.12109375 0.0703125 0.04375
0 0.703125 0.1953125 0.1484375 0.03125
0 0.87421875 0.5203125 0.1140625 0.0859375
0 0.809375 0.65 0.084375 0.06875
0 0.321875 0.17265625 0.1390625 0.1671875
0 0.38671875 0.89765625 0.1671875 0.2