0 0.47109375 0.64765625 0.05625 0.0828125
0 0.45078125 0.625 0.184375 0.5453125
0 0.525 0.528125 0.0859375 0.153125
0 0.1421875 0.55625 0.06875 0.128125
0 0.0296875 0.54375 0.059375 0.38125
0 0.709375 0.59453125 0.0484375 0.04375
0 0.91875 0.1859375 0.075 0.371875
0 0.265625 0.503125 0.04375 0.08125
0 0.12109375 0.32890625 0.04375 0.071875
0 0.1953125 0.296875 0.03125 0.146875
0 0.5203125 0.12578125 0.084375 0.1140625
0 0.65 0.190625 0.06875 0.084375
0 0.17265625 0.678125 0.1671875 0.1375
0 0.89765625 0.61328125 0.2 0.1671875