0 0.05234375 0.4094117647058823 0.0171875 0.03294117647058823
0 0.078125 0.33764705882352936 0.015625 0.030588235294117645
0 0.07109375 0.28823529411764703 0.0140625 0.030588235294117645
0 0.10546875 0.2529411764705882 0.010937500000000001 0.021176470588235293
0 0.2734375 0.42823529411764705 0.025 0.03764705882352941
0 0.11171875 0.848235294117647 0.0390625 0.025882352941176467
0 0.23046875 0.8105882352941176 0.0390625 0.025882352941176467
0 0.1703125 0.8447058823529411 0.015625 0.018823529411764704
0 0.16953125000000002 0.7317647058823529 0.0203125 0.03294117647058823
0 0.2078125 0.6035294117647059 0.009375000000000001 0.030588235294117645
0 0.27187500000000003 0.7988235294117646 0.028125 0.021176470588235293
0 0.29296875 0.7176470588235293 0.0328125 0.023529411764705882
0 0.3359375 0.8023529411764705 0.018750000000000003 0.018823529411764704
0 0.31640625 0.7811764705882352 0.0234375 0.014117647058823528
0 0.34921875 0.7729411764705881 0.026562500000000003 0.016470588235294115
0 0.20703125 0.7694117647058822 0.0203125 0.018823529411764704
0 0.3671875 0.7647058823529411 0.015625 0.018823529411764704
0 0.28046875 0.8152941176470587 0.0140625 0.021176470588235293
0 0.33906250000000004 0.6929411764705882 0.025 0.030588235294117645
0 0.26875 0.9776470588235293 0.0125 0.025882352941176467
0 0.2859375 0.8529411764705882 0.009375000000000001 0.021176470588235293
0 0.13828125 0.7647058823529411 0.010937500000000001 0.023529411764705882
0 0.032031250000000004 0.488235294117647 0.0234375 0.03529411764705882
0 0.26796875000000003 0.948235294117647 0.0140625 0.028235294117647056
0 0.28984375 0.9094117647058823 0.010937500000000001 0.016470588235294115
0 0.421875 0.7435294117647058 0.028125 0.018823529411764704
0 0.48359375000000004 0.5811764705882353 0.0203125 0.014117647058823528
0 0.47265625 0.6070588235294118 0.0171875 0.018823529411764704
0 0.40625 0.948235294117647 0.025 0.023529411764705882
0 0.46484375 0.7352941176470588 0.0234375 0.021176470588235293
0 0.5078125 0.7305882352941175 0.034375 0.03529411764705882
0 0.5750000000000001 0.708235294117647 0.025 0.03294117647058823
0 0.6140625000000001 0.6976470588235294 0.025 0.025882352941176467
0 0.6468750000000001 0.7141176470588234 0.025 0.025882352941176467
0 0.44609375 0.9188235294117646 0.035937500000000004 0.025882352941176467
0 0.340625 0.28470588235294114 0.025 0.028235294117647056
0 0.553125 0.528235294117647 0.05625 0.04470588235294117
0 0.6046875 0.7211764705882352 0.025 0.030588235294117645
0 0.50703125 0.8611764705882352 0.029687500000000002 0.028235294117647056
0 0.47109375000000003 0.44352941176470584 0.026562500000000003 0.039999999999999994
