1 0.275 0.5650000000000001 0.15666666666666668 0.14333333333333334
1 0.26166666666666666 0.67 0.17 0.09333333333333334
1 0.38333333333333336 0.8183333333333334 0.1 0.07666666666666667
1 0.445 0.5966666666666667 0.13 0.11333333333333334
1 0.43000000000000005 0.51 0.08666666666666667 0.09333333333333334
1 0.3433333333333334 0.48000000000000004 0.14 0.08666666666666667
1 0.42000000000000004 0.3816666666666667 0.06666666666666667 0.09000000000000001
1 0.5966666666666667 0.4033333333333334 0.12666666666666668 0.14
1 0.5083333333333334 0.315 0.13 0.11
1 0.5816666666666667 0.20333333333333334 0.11 0.11333333333333334
