1 0.48333333333333334 0.5733333333333334 0.12666666666666668 0.18000000000000002
1 0.5766666666666667 0.39333333333333337 0.07333333333333333 0.05333333333333334
1 0.6066666666666667 0.48500000000000004 0.1 0.07666666666666667
1 0.7883333333333333 0.4516666666666667 0.13 0.09000000000000001
1 0.8833333333333334 0.5783333333333334 0.11333333333333334 0.09000000000000001
1 0.745 0.6483333333333334 0.11666666666666667 0.1366666666666667
1 0.7983333333333333 0.785 0.12333333333333334 0.11666666666666667
1 0.615 0.8650000000000001 0.14333333333333334 0.19
1 0.47500000000000003 0.32333333333333336 0.15666666666666668 0.16666666666666669
1 0.30333333333333334 0.16833333333333333 0.08666666666666667 0.10333333333333335
1 0.655 0.22166666666666668 0.19666666666666668 0.11666666666666667
1 0.785 0.20500000000000002 0.10333333333333335 0.14333333333333334
1 0.8016666666666667 0.37333333333333335 0.17 0.16666666666666669
1 0.2016666666666667 0.04166666666666667 0.1366666666666667 0.07
