0 0.032352941176470584 0.19680851063829788 0.058823529411764705 0.05319148936170213
0 0.014705882352941176 0.8085106382978723 0.023529411764705882 0.1702127659574468
0 0.08676470588235294 0.8936170212765957 0.1264705882352941 0.19148936170212766
0 0.20588235294117646 0.7606382978723404 0.047058823529411764 0.1595744680851064
0 0.25441176470588234 0.7606382978723404 0.044117647058823525 0.13829787234042554
0 0.33088235294117646 0.16489361702127658 0.061764705882352944 0.13829787234042554
0 0.48970588235294116 0.14893617021276595 0.07941176470588235 0.1276595744680851
0 0.6485294117647059 0.11702127659574468 0.055882352941176466 0.14893617021276595
0 0.3029411764705882 0.9042553191489362 0.047058823529411764 0.0851063829787234
0 0.22647058823529412 0.9574468085106382 0.10588235294117647 0.0851063829787234
0 0.6338235294117647 0.7978723404255319 0.15588235294117647 0.14893617021276595
0 0.4485294117647059 0.7074468085106382 0.05 0.09574468085106383
0 0.38235294117647056 0.7074468085106382 0.041176470588235294 0.13829787234042554
0 0.36617647058823527 0.7925531914893617 0.055882352941176466 0.09574468085106383
0 0.836764705882353 0.24468085106382978 0.061764705882352944 0.1276595744680851
0 0.7514705882352941 0.14893617021276595 0.044117647058823525 0.0851063829787234
0 0.21029411764705883 0.06914893617021277 0.03823529411764706 0.07446808510638298
0 0.7911764705882353 0.8191489361702128 0.1588235294117647 0.1702127659574468
0 0.125 0.28723404255319146 0.06764705882352941 0.0851063829787234
0 0.45588235294117646 0.8829787234042553 0.03529411764705882 0.0851063829787234
