0 0.2 0.5866666666666667 0.13333333333333333 0.09333333333333334
0 0.29833333333333334 0.23333333333333334 0.17 0.13333333333333333
0 0.625 0.3766666666666667 0.14333333333333334 0.09333333333333334
0 0.11 0.27166666666666667 0.12666666666666668 0.11
0 0.03833333333333334 0.3983333333333334 0.07 0.11666666666666667
0 0.13833333333333334 0.16666666666666669 0.1366666666666667 0.12000000000000001
0 0.24000000000000002 0.115 0.12000000000000001 0.09666666666666668
0 0.8150000000000001 0.07333333333333333 0.2566666666666667 0.14
0 0.5416666666666667 0.5066666666666667 0.09000000000000001 0.06666666666666667
0 0.49500000000000005 0.5750000000000001 0.08333333333333334 0.06333333333333334
0 0.27 0.805 0.12666666666666668 0.06333333333333334
0 0.7383333333333334 0.6533333333333333 0.12333333333333334 0.08
0 0.4716666666666667 0.81 0.17 0.08
0 0.6916666666666668 0.26333333333333336 0.030000000000000002 0.03333333333333333
0 0.4266666666666667 0.4 0.04666666666666667 0.03333333333333333
0 0.29500000000000004 0.5983333333333334 0.043333333333333335 0.03666666666666667
0 0.42833333333333334 0.615 0.043333333333333335 0.030000000000000002
0 0.10500000000000001 0.6083333333333334 0.03666666666666667 0.030000000000000002
0 0.15833333333333335 0.6483333333333334 0.03666666666666667 0.030000000000000002
