0 0.585200 0.595026 0.206667 0.100000
0 0.500409 0.705074 0.120000 0.053333
0 0.585668 0.734568 0.103333 0.043333
0 0.303813 0.704898 0.143333 0.043333
0 0.732660 0.272924 0.196667 0.090000
0 0.660902 0.125857 0.183333 0.063333
0 0.468252 0.121149 0.146667 0.116667
0 0.100791 0.403082 0.136667 0.083333
0 0.247581 0.450603 0.073333 0.046667
0 0.203528 0.557509 0.060000 0.036667
0 0.853580 0.429699 0.090000 0.083333
0 0.795614 0.501198 0.040000 0.033333
0 0.190514 0.606244 0.080000 0.063333
0 0.056026 0.736763 0.073333 0.076667
