1 0.428746 0.584824 0.130000 0.143333
1 0.424773 0.789270 0.153333 0.116667
1 0.498193 0.690874 0.163333 0.100000
1 0.587061 0.616229 0.073333 0.060000
1 0.638318 0.513069 0.080000 0.090000
1 0.536095 0.530321 0.073333 0.066667
1 0.579194 0.468020 0.076667 0.063333
1 0.546853 0.403914 0.150000 0.123333
1 0.689359 0.426656 0.096667 0.100000
1 0.727838 0.311223 0.160000 0.076667
1 0.495960 0.299597 0.080000 0.073333
1 0.581942 0.153266 0.083333 0.090000
1 0.515020 0.172468 0.080000 0.076667
1 0.573063 0.108868 0.093333 0.086667
1 0.463622 0.043100 0.066667 0.056667
