1 0.908343 0.170407 0.130000 0.080000
1 0.794888 0.225156 0.110000 0.130000
1 0.866403 0.293648 0.166667 0.126667
1 0.756234 0.370071 0.080000 0.106667
1 0.742690 0.465041 0.093333 0.096667
1 0.837586 0.511918 0.163333 0.230000
1 0.774094 0.583444 0.063333 0.086667
1 0.730850 0.543348 0.076667 0.100000
1 0.713947 0.649978 0.083333 0.086667
1 0.557022 0.766297 0.063333 0.080000
1 0.483741 0.742801 0.143333 0.160000
1 0.556800 0.866297 0.156667 0.153333
1 0.515950 0.497872 0.133333 0.110000
1 0.945276 0.050489 0.130000 0.100000
