0 0.673635 0.423341 0.253333 0.153333
0 0.623635 0.365008 0.060000 0.036667
0 0.740302 0.698341 0.073333 0.070000
0 0.521969 0.855008 0.096667 0.070000
0 0.651969 0.960008 0.063333 0.040000
0 0.338635 0.608341 0.110000 0.103333
0 0.341969 0.798341 0.130000 0.096667
0 0.186969 0.960008 0.073333 0.046667
0 0.016969 0.916674 0.073333 0.046667
0 0.886969 0.321674 0.093333 0.050000
0 0.608635 0.130008 0.103333 0.060000
0 0.013635 0.456674 0.060000 0.053333
0 0.273635 0.465008 0.033333 0.030000
0 0.456969 0.380008 0.053333 0.040000
0 0.358635 0.315008 0.063333 0.043333
0 0.596969 0.591674 0.266667 0.170000
