0 0.541924 0.034289 0.030000 0.033333
0 0.598185 0.172385 0.030000 0.043333
0 0.536263 0.401154 0.070000 0.100000
0 0.582643 0.343477 0.030000 0.040000
0 0.528503 0.228855 0.030000 0.050000
0 0.576168 0.243007 0.053333 0.100000
0 0.442901 0.206061 0.036667 0.046667
0 0.470861 0.117389 0.030000 0.046667
0 0.382844 0.141199 0.043333 0.070000
0 0.487023 0.063153 0.023333 0.023333
0 0.466791 0.067111 0.023333 0.026667
0 0.411261 0.075915 0.033333 0.050000
0 0.364916 0.068507 0.033333 0.053333
0 0.332033 0.026749 0.030000 0.033333
0 0.321656 0.194771 0.026667 0.030000
0 0.388026 0.266635 0.033333 0.033333
0 0.493783 0.190340 0.023333 0.036667
0 0.385707 0.214779 0.023333 0.030000
0 0.395278 0.352125 0.023333 0.030000
0 0.425126 0.323632 0.033333 0.063333
0 0.524085 0.507333 0.030000 0.033333
0 0.466373 0.526038 0.023333 0.036667
0 0.467392 0.377558 0.023333 0.033333
0 0.501629 0.360974 0.023333 0.036667
0 0.455517 0.316862 0.020000 0.033333
0 0.382186 0.411527 0.030000 0.030000
0 0.446150 0.433200 0.020000 0.026667
0 0.345000 0.356195 0.030000 0.056667
0 0.345655 0.407965 0.023333 0.026667
0 0.431963 0.545950 0.043333 0.093333
0 0.380599 0.506572 0.050000 0.080000
0 0.364264 0.564138 0.043333 0.070000
0 0.599432 0.631398 0.066667 0.100000
0 0.402172 0.863167 0.043333 0.070000
0 0.404425 0.723096 0.040000 0.050000
0 0.397447 0.761119 0.023333 0.026667
0 0.379605 0.686762 0.033333 0.060000
0 0.362469 0.727597 0.030000 0.050000
0 0.343962 0.698267 0.043333 0.060000
0 0.467277 0.669610 0.026667 0.030000
0 0.520452 0.674035 0.033333 0.046667
0 0.488854 0.704106 0.026667 0.030000
0 0.482049 0.738801 0.030000 0.026667
0 0.483998 0.765604 0.030000 0.033333
0 0.480695 0.797142 0.033333 0.030000
0 0.474951 0.843574 0.033333 0.050000
0 0.445077 0.840357 0.033333 0.026667
0 0.445534 0.863745 0.030000 0.026667
0 0.370475 0.444298 0.030000 0.030000
0 0.545956 0.471750 0.023333 0.026667
0 0.489582 0.303607 0.026667 0.030000
0 0.627723 0.085464 0.026667 0.033333
0 0.549556 0.917534 0.050000 0.096667
0 0.519606 0.819185 0.053333 0.136667
0 0.465300 0.933194 0.036667 0.050000
0 0.683979 0.867757 0.026667 0.036667
0 0.662514 0.863307 0.023333 0.030000
0 0.635893 0.765131 0.020000 0.023333
0 0.595860 0.764726 0.020000 0.020000
0 0.609227 0.828837 0.026667 0.026667
0 0.672977 0.693621 0.033333 0.030000
0 0.635273 0.648276 0.026667 0.030000
0 0.598885 0.931773 0.023333 0.033333
0 0.632260 0.931833 0.030000 0.030000
0 0.447214 0.992338 0.026667 0.036667
0 0.414823 0.908883 0.040000 0.033333
0 0.420989 0.950925 0.050000 0.063333
0 0.650422 0.967821 0.023333 0.033333
0 0.580379 0.902442 0.023333 0.023333
0 0.502952 0.915119 0.023333 0.023333
0 0.576197 0.822118 0.040000 0.030000
0 0.567418 0.798299 0.026667 0.030000
0 0.670852 0.992245 0.040000 0.040000
0 0.510524 0.962240 0.023333 0.023333
0 0.504495 0.981955 0.046667 0.030000
0 0.442448 0.730073 0.023333 0.033333
0 0.420130 0.645471 0.063333 0.080000
0 0.630660 0.576274 0.023333 0.026667
0 0.602709 0.568150 0.026667 0.033333
0 0.572008 0.516492 0.026667 0.033333
0 0.560728 0.540941 0.020000 0.030000
0 0.546291 0.561888 0.026667 0.046667
0 0.526663 0.554196 0.020000 0.040000
0 0.501265 0.561224 0.023333 0.056667
0 0.529759 0.591072 0.030000 0.040000
0 0.521203 0.627344 0.030000 0.053333
0 0.585729 0.477149 0.050000 0.100000
0 0.499377 0.501046 0.020000 0.030000
0 0.418174 0.393365 0.026667 0.030000
0 0.407955 0.429552 0.023333 0.023333
0 0.341767 0.257562 0.026667 0.033333
0 0.375506 0.926872 0.023333 0.026667
0 0.370178 0.836475 0.023333 0.033333
0 0.320922 0.369967 0.043333 0.166667
