0 0.103023 0.084867 0.051114 0.134328
0 0.199353 0.375912 0.041940 0.111940
0 0.220979 0.631509 0.064220 0.123134
0 0.276680 0.590464 0.049803 0.115672
0 0.361870 0.211733 0.057667 0.111940
0 0.414950 0.208001 0.045872 0.097015
0 0.475238 0.232255 0.051114 0.130597
0 0.615474 0.663225 0.058978 0.067164
0 0.574845 0.756509 0.032765 0.074627
0 0.423469 0.114718 0.044561 0.089552
0 0.545356 0.443076 0.070773 0.074627
0 0.601713 0.252777 0.057667 0.111940
0 0.490310 0.041957 0.031455 0.070896
0 0.667243 0.226658 0.041940 0.126866
0 0.631857 0.161360 0.036697 0.078358
0 0.758986 0.228524 0.055046 0.130597
0 0.738672 0.388971 0.064220 0.152985
0 0.712460 0.541956 0.045872 0.115672
0 0.818620 0.114718 0.061599 0.126866
0 0.880874 0.275165 0.057667 0.082090
0 0.964098 0.232255 0.040629 0.100746
0 0.905775 0.392703 0.144168 0.130597
0 0.909052 0.577404 0.085190 0.134328
0 0.757021 0.806882 0.098296 0.085821
0 0.910363 0.799419 0.061599 0.130597
0 0.956234 0.862852 0.048493 0.100746
0 0.356627 0.730389 0.102228 0.082090
