0 0.110555 0.074391 0.051114 0.134328
0 0.206885 0.365436 0.041940 0.111940
0 0.228510 0.621033 0.064220 0.123134
0 0.284211 0.579988 0.049803 0.115672
0 0.369402 0.201257 0.057667 0.111940
0 0.422481 0.197526 0.045872 0.097015
0 0.482770 0.221779 0.051114 0.130597
0 0.623006 0.652749 0.058978 0.067164
0 0.582377 0.746033 0.032765 0.074627
0 0.431000 0.104242 0.044561 0.089552
0 0.552888 0.432600 0.070773 0.074627
0 0.609244 0.242302 0.057667 0.111940
0 0.497842 0.031481 0.031455 0.070896
0 0.674775 0.216182 0.041940 0.126866
0 0.639388 0.150884 0.036697 0.078358
0 0.766518 0.218048 0.055046 0.130597
0 0.746204 0.378496 0.064220 0.152985
0 0.719991 0.531481 0.045872 0.115672
0 0.826151 0.104242 0.061599 0.126866
0 0.888405 0.264690 0.057667 0.082090
0 0.971630 0.221779 0.040629 0.100746
0 0.913307 0.382227 0.144168 0.130597
0 0.916584 0.566929 0.085190 0.134328
0 0.764552 0.796406 0.098296 0.085821
0 0.917894 0.788943 0.061599 0.130597
0 0.963766 0.852376 0.048493 0.100746
0 0.364159 0.719914 0.102228 0.082090
