0 0.800000 0.586667 0.133333 0.093333
0 0.701667 0.233333 0.170000 0.133333
0 0.375000 0.376667 0.143333 0.093333
0 0.890000 0.271667 0.126667 0.110000
0 0.961667 0.398333 0.070000 0.116667
0 0.861667 0.166667 0.136667 0.120000
0 0.760000 0.115000 0.120000 0.096667
0 0.185000 0.073333 0.256667 0.140000
0 0.458333 0.506667 0.090000 0.066667
0 0.505000 0.575000 0.083333 0.063333
0 0.730000 0.805000 0.126667 0.063333
0 0.261667 0.653333 0.123333 0.080000
0 0.528333 0.810000 0.170000 0.080000
0 0.308333 0.263333 0.030000 0.033333
0 0.573333 0.400000 0.046667 0.033333
0 0.705000 0.598333 0.043333 0.036667
0 0.571667 0.615000 0.043333 0.030000
0 0.895000 0.608333 0.036667 0.030000
0 0.841667 0.648333 0.036667 0.030000
