0 0.698333 0.553333 0.083333 0.060000
0 0.706667 0.191667 0.093333 0.056667
0 0.383333 0.353333 0.060000 0.040000
0 0.425000 0.861667 0.116667 0.063333
0 0.853333 0.573333 0.053333 0.046667
0 0.800000 0.516667 0.046667 0.026667
0 0.410000 0.505000 0.033333 0.016667
0 0.385000 0.671667 0.056667 0.023333
0 0.693333 0.723333 0.033333 0.020000
0 0.403333 0.233333 0.080000 0.053333
0 0.686667 0.788333 0.033333 0.023333
0 0.335000 0.091667 0.030000 0.023333
0 0.758333 0.668333 0.036667 0.023333
0 0.756667 0.545000 0.053333 0.043333
0 0.361667 0.448333 0.043333 0.043333
0 0.708333 0.483333 0.056667 0.040000
0 0.896667 0.718333 0.040000 0.030000
0 0.961667 0.695000 0.043333 0.030000
0 0.200000 0.716667 0.053333 0.033333
0 0.466667 0.598333 0.053333 0.036667
