0 0.874669 0.292853 0.083045 0.097701
0 0.872488 0.410016 0.103806 0.086207
0 0.941721 0.556784 0.128028 0.172414
0 0.732636 0.518979 0.069204 0.178161
0 0.559969 0.494321 0.100346 0.149425
0 0.626301 0.213563 0.065744 0.080460
0 0.754768 0.096122 0.065744 0.091954
0 0.309769 0.258194 0.089965 0.132184
0 0.403161 0.383650 0.048443 0.097701
0 0.365163 0.528291 0.048443 0.086207
0 0.570961 0.724361 0.096886 0.114943
0 0.577352 0.891581 0.076125 0.103448
0 0.765347 0.876995 0.069204 0.178161
0 0.881284 0.739740 0.076125 0.109195
0 0.190517 0.518755 0.065744 0.109195
0 0.152827 0.336960 0.034602 0.086207
0 0.283161 0.775543 0.100346 0.149425
0 0.316879 0.970102 0.114187 0.172414
0 0.465834 0.864427 0.076125 0.114943
0 0.266848 0.648973 0.072664 0.109195
0 0.532174 0.236918 0.048443 0.074713
0 0.171784 0.212202 0.048443 0.045977
