0 0.487675 0.330896 0.174316 0.173832
0 0.638798 0.527158 0.155273 0.115888
0 0.766728 0.486971 0.094727 0.102804
0 0.207157 0.196316 0.130859 0.140187
0 0.255009 0.352858 0.160156 0.103738
0 0.057011 0.277625 0.205566 0.132710
0 0.877323 0.237905 0.059082 0.066355
0 0.774296 0.621083 0.187012 0.079439
0 0.475224 0.603793 0.152344 0.108411
0 0.194218 0.433232 0.095215 0.086916
0 0.416142 0.172485 0.084961 0.055140
0 0.071903 0.485569 0.172852 0.101869
0 0.218388 0.544915 0.128906 0.084112
0 0.362187 0.566410 0.046387 0.091589
0 0.748173 0.386971 0.213867 0.084112
0 0.531376 0.216410 0.081055 0.094393
