0 0.921842 0.105769 0.066381 0.192308
0 0.882227 0.600962 0.034261 0.163462
0 0.959315 0.817308 0.077088 0.250000
0 0.690578 0.850962 0.100642 0.163462
0 0.822270 0.120192 0.051392 0.086538
0 0.755889 0.225962 0.059957 0.163462
0 0.807281 0.677885 0.025696 0.221154
0 0.580300 0.639423 0.038544 0.201923
0 0.632762 0.149038 0.023555 0.125000
0 0.460385 0.759615 0.085653 0.115385
0 0.501071 0.201923 0.025696 0.134615
0 0.323340 0.105769 0.038544 0.173077
0 0.323340 0.860577 0.089936 0.125000
0 0.302998 0.658654 0.096360 0.240385
0 0.120985 0.701923 0.040685 0.307692
0 0.047109 0.586538 0.055675 0.153846
0 0.058887 0.235577 0.049251 0.221154
0 0.167024 0.389423 0.025696 0.182692
0 0.229122 0.221154 0.034261 0.134615
0 0.564240 0.384615 0.032120 0.153846
0 0.582441 0.091346 0.038544 0.163462
0 0.418630 0.360577 0.044968 0.144231
0 0.387580 0.168269 0.042827 0.221154
