0 0.201031 0.063707 0.041237 0.088803
0 0.319588 0.023166 0.051546 0.038610
0 0.355670 0.063707 0.061856 0.073359
0 0.278351 0.129344 0.061856 0.088803
0 0.456186 0.040541 0.056701 0.073359
0 0.597938 0.090734 0.082474 0.096525
0 0.556701 0.299228 0.103093 0.119691
0 0.358247 0.386100 0.087629 0.077220
0 0.304124 0.492278 0.041237 0.065637
0 0.172680 0.501930 0.067010 0.092664
0 0.461340 0.486486 0.056701 0.108108
0 0.402062 0.449807 0.041237 0.050193
0 0.711340 0.276062 0.041237 0.119691
0 0.641753 0.569498 0.077320 0.111969
0 0.309278 0.635135 0.041237 0.073359
0 0.396907 0.727799 0.061856 0.096525
0 0.525773 0.706564 0.051546 0.061776
0 0.298969 0.808880 0.061856 0.104247
0 0.536082 0.859073 0.082474 0.088803
