0 0.394976 0.315958 0.053125 0.087925
0 0.434038 0.465431 0.062500 0.091442
0 0.349663 0.698725 0.053125 0.082063
0 0.518413 0.614317 0.059375 0.084408
0 0.525445 0.288994 0.054688 0.033998
0 0.416070 0.903883 0.076563 0.133646
0 0.384038 0.996497 0.062500 0.070340
0 0.543413 0.939639 0.059375 0.071512
0 0.530913 0.719241 0.062500 0.069168
0 0.564507 0.764375 0.032812 0.058617
0 0.540288 0.803062 0.040625 0.042204
0 0.599663 0.788994 0.028125 0.063306
0 0.377007 0.238584 0.057813 0.050410
0 0.540288 0.402125 0.062500 0.056272
0 0.609820 0.439053 0.032812 0.057444
0 0.636382 0.456052 0.014062 0.135991
0 0.586382 0.223930 0.029687 0.044549
0 0.437163 0.109041 0.040625 0.032825
0 0.554351 0.156521 0.037500 0.062134
0 0.616070 0.153590 0.032812 0.037515
0 0.651226 0.116662 0.012500 0.019930
0 0.578570 0.586181 0.048437 0.072685
0 0.590288 0.644798 0.040625 0.060961
