0 0.361199 0.486112 0.083333 0.060000
0 0.293773 0.130689 0.093333 0.056667
0 0.639210 0.237244 0.060000 0.040000
0 0.681320 0.745541 0.116667 0.063333
0 0.211564 0.531216 0.053333 0.046667
0 0.254902 0.466583 0.046667 0.026667
0 0.637731 0.391230 0.033333 0.016667
0 0.689677 0.551556 0.056667 0.023333
0 0.393961 0.653000 0.033333 0.020000
0 0.599835 0.122137 0.080000 0.053333
0 0.411178 0.716032 0.033333 0.023333
0 0.320834 0.609383 0.036667 0.023333
0 0.302289 0.487440 0.053333 0.043333
0 0.676136 0.327416 0.043333 0.043333
0 0.339875 0.418693 0.056667 0.040000
0 0.192552 0.681354 0.040000 0.030000
0 0.124609 0.668976 0.043333 0.030000
0 0.879548 0.565665 0.053333 0.033333
0 0.597107 0.492581 0.053333 0.036667
