1 0.434337 0.589223 0.130000 0.143333
1 0.443495 0.793502 0.153333 0.116667
1 0.510448 0.690596 0.163333 0.100000
1 0.594342 0.610401 0.073333 0.060000
1 0.638872 0.504163 0.080000 0.090000
1 0.537967 0.527942 0.073333 0.066667
1 0.576978 0.463003 0.076667 0.063333
1 0.540589 0.401105 0.150000 0.123333
1 0.684261 0.414653 0.096667 0.100000
1 0.715252 0.296988 0.160000 0.076667
1 0.483105 0.300269 0.080000 0.073333
1 0.559517 0.148721 0.083333 0.090000
1 0.493966 0.172179 0.080000 0.076667
1 0.547807 0.104985 0.093333 0.086667
1 0.434370 0.046378 0.066667 0.056667
