0 0.052344 0.409412 0.017188 0.032941
0 0.078125 0.337647 0.015625 0.030588
0 0.071094 0.288235 0.014062 0.030588
0 0.105469 0.252941 0.010937 0.021176
0 0.273438 0.428235 0.025000 0.037647
0 0.111719 0.848235 0.039062 0.025882
0 0.230469 0.810588 0.039062 0.025882
0 0.170312 0.844706 0.015625 0.018824
0 0.169531 0.731765 0.020312 0.032941
0 0.207813 0.603529 0.009375 0.030588
0 0.271875 0.798824 0.028125 0.021176
0 0.292969 0.717647 0.032812 0.023529
0 0.335938 0.802353 0.018750 0.018824
0 0.316406 0.781176 0.023438 0.014118
0 0.349219 0.772941 0.026563 0.016471
0 0.207031 0.769412 0.020312 0.018824
0 0.367188 0.764706 0.015625 0.018824
0 0.280469 0.815294 0.014062 0.021176
0 0.339063 0.692941 0.025000 0.030588
0 0.268750 0.977647 0.012500 0.025882
0 0.285937 0.852941 0.009375 0.021176
0 0.138281 0.764706 0.010937 0.023529
0 0.032031 0.488235 0.023438 0.035294
0 0.267969 0.948235 0.014062 0.028235
0 0.289844 0.909412 0.010937 0.016471
0 0.421875 0.743529 0.028125 0.018824
0 0.483594 0.581176 0.020312 0.014118
0 0.472656 0.607059 0.017188 0.018824
0 0.406250 0.948235 0.025000 0.023529
0 0.464844 0.735294 0.023438 0.021176
0 0.507812 0.730588 0.034375 0.035294
0 0.575000 0.708235 0.025000 0.032941
0 0.614062 0.697647 0.025000 0.025882
0 0.646875 0.714118 0.025000 0.025882
0 0.446094 0.918824 0.035937 0.025882
0 0.340625 0.284706 0.025000 0.028235
0 0.553125 0.528235 0.056250 0.044706
0 0.604688 0.721176 0.025000 0.030588
0 0.507031 0.861176 0.029687 0.028235
0 0.471094 0.443529 0.026563 0.040000
