0 0.039568 0.406077 0.057554 0.049724
0 0.250000 0.298343 0.082734 0.055249
0 0.393885 0.328729 0.046763 0.049724
0 0.136691 0.563536 0.064748 0.033149
0 0.025180 0.259668 0.043165 0.066298
0 0.160072 0.715470 0.061151 0.071823
0 0.214029 0.696133 0.053957 0.044199
0 0.298561 0.477901 0.043165 0.060773
0 0.354317 0.480663 0.046763 0.044199
0 0.397482 0.480663 0.061151 0.066298
0 0.235612 0.232044 0.032374 0.011050
0 0.462230 0.331492 0.046763 0.066298
0 0.568345 0.212707 0.021583 0.027624
0 0.474820 0.596685 0.043165 0.044199
0 0.532374 0.480663 0.043165 0.066298
0 0.566547 0.441989 0.039568 0.055249
0 0.597122 0.466851 0.043165 0.060773
0 0.633094 0.259668 0.057554 0.077348
0 0.710432 0.303867 0.039568 0.077348
0 0.697842 0.486188 0.050360 0.055249
0 0.667266 0.566298 0.061151 0.071823
0 0.541367 0.704420 0.061151 0.049724
0 0.660072 0.660221 0.061151 0.049724
0 0.796763 0.580110 0.046763 0.066298
0 0.884892 0.477901 0.035971 0.060773
0 0.656475 0.196133 0.046763 0.049724
0 0.767986 0.229282 0.046763 0.071823
0 0.929856 0.193370 0.068345 0.055249
0 0.845324 0.674033 0.050360 0.033149
0 0.692446 0.792818 0.039568 0.027624
0 0.805755 0.511050 0.071942 0.049724
0 0.584532 0.345304 0.068345 0.049724
0 0.863309 0.806630 0.122302 0.099448
0 0.255396 0.754144 0.043165 0.038674
0 0.370504 0.223757 0.043165 0.049724
0 0.899281 0.552486 0.050360 0.055249
0 0.956835 0.546961 0.043165 0.044199
0 0.500000 0.756906 0.043165 0.044199
0 0.926259 0.718232 0.075540 0.055249
