0 0.319402 0.295560 0.253333 0.153333
0 0.378766 0.246788 0.060000 0.036667
0 0.206028 0.554820 0.073333 0.070000
0 0.393863 0.746996 0.096667 0.070000
0 0.247615 0.827845 0.063333 0.040000
0 0.617218 0.535885 0.110000 0.103333
0 0.580966 0.722424 0.130000 0.096667
0 0.705561 0.908534 0.073333 0.046667
0 0.880501 0.895358 0.073333 0.046667
0 0.126947 0.158417 0.093333 0.050000
0 0.434317 0.017956 0.103333 0.060000
0 0.963606 0.442914 0.060000 0.053333
0 0.706104 0.406005 0.033333 0.030000
0 0.540301 0.290481 0.053333 0.040000
0 0.648422 0.243531 0.063333 0.043333
0 0.365696 0.474644 0.266667 0.170000
