0 0.384140 0.353990 0.066667 0.043333
0 0.375807 0.438990 0.056667 0.040000
0 0.379140 0.727324 0.050000 0.036667
0 0.347474 0.173990 0.053333 0.036667
0 0.519140 0.018990 0.063333 0.040000
0 0.440807 0.205657 0.053333 0.040000
0 0.450807 0.292324 0.066667 0.046667
0 0.625807 0.183990 0.036667 0.030000
0 0.595807 0.195657 0.043333 0.026667
0 0.634140 0.677324 0.040000 0.043333
0 0.522474 0.578990 0.050000 0.040000
0 0.535807 0.708990 0.036667 0.033333
0 0.477474 0.687324 0.046667 0.036667
0 0.347474 0.840657 0.060000 0.050000
0 0.450807 0.515657 0.046667 0.040000
0 0.429140 0.585657 0.050000 0.040000
0 0.465807 0.542324 0.036667 0.040000
0 0.555807 0.413990 0.043333 0.036667
0 0.537473 0.237324 0.026667 0.023333
0 0.537473 0.255657 0.040000 0.026667
0 0.617474 0.052324 0.033333 0.033333
