1 0.585336 0.570640 0.130000 0.143333
1 0.625979 0.771045 0.153333 0.116667
1 0.536074 0.687443 0.163333 0.100000
1 0.435240 0.629981 0.073333 0.060000
1 0.366281 0.537709 0.080000 0.090000
1 0.469940 0.536313 0.073333 0.066667
1 0.416348 0.482770 0.076667 0.063333
1 0.436644 0.413896 0.150000 0.123333
1 0.300544 0.461874 0.096667 0.100000
1 0.241950 0.355233 0.160000 0.076667
1 0.467966 0.302132 0.080000 0.073333
1 0.357091 0.173632 0.083333 0.090000
1 0.426373 0.180497 0.080000 0.076667
1 0.357848 0.128362 0.093333 0.086667
1 0.453690 0.044000 0.066667 0.056667
