0 0.596667 0.583333 0.206667 0.100000
0 0.526667 0.703333 0.120000 0.053333
0 0.615000 0.721667 0.103333 0.043333
0 0.331667 0.728333 0.143333 0.043333
0 0.701667 0.245000 0.196667 0.090000
0 0.611667 0.108333 0.183333 0.063333
0 0.420000 0.128333 0.146667 0.116667
0 0.091667 0.455000 0.136667 0.083333
0 0.243333 0.483333 0.073333 0.046667
0 0.213333 0.595000 0.060000 0.036667
0 0.841667 0.385000 0.090000 0.083333
0 0.793333 0.463333 0.040000 0.033333
0 0.206667 0.645000 0.080000 0.063333
0 0.090000 0.791667 0.073333 0.076667
