0 0.496667 0.558333 0.100000 0.056667
0 0.688333 0.086667 0.123333 0.080000
0 0.770000 0.163333 0.066667 0.040000
0 0.840000 0.171667 0.060000 0.043333
0 0.240000 0.856667 0.066667 0.040000
0 0.498333 0.406667 0.110000 0.066667
0 0.425000 0.408333 0.050000 0.030000
0 0.275000 0.556667 0.063333 0.033333
0 0.125000 0.193333 0.043333 0.033333
0 0.731667 0.510000 0.056667 0.026667
0 0.443333 0.640000 0.080000 0.033333
0 0.433333 0.551667 0.046667 0.023333
0 0.298333 0.261667 0.050000 0.030000
0 0.136667 0.340000 0.060000 0.026667
0 0.091667 0.425000 0.043333 0.030000
0 0.058333 0.408333 0.036667 0.023333
0 0.148333 0.583333 0.043333 0.026667
0 0.526667 0.755000 0.066667 0.030000
0 0.206667 0.921667 0.073333 0.036667
0 0.415000 0.980000 0.063333 0.026667
0 0.378333 0.898333 0.050000 0.023333
0 0.098333 0.916667 0.056667 0.026667
0 0.048333 0.631667 0.096667 0.036667
0 0.026667 0.593333 0.053333 0.026667
0 0.570000 0.055000 0.033333 0.023333
0 0.115000 0.270000 0.043333 0.026667
0 0.300000 0.301667 0.040000 0.023333
0 0.326667 0.295000 0.026667 0.023333
0 0.165000 0.405000 0.043333 0.016667
0 0.191667 0.161667 0.023333 0.016667
0 0.238333 0.300000 0.036667 0.020000
0 0.861667 0.225000 0.050000 0.023333
0 0.056667 0.468333 0.040000 0.023333
0 0.800000 0.421667 0.073333 0.036667
0 0.755000 0.328333 0.056667 0.036667
0 0.693333 0.365000 0.033333 0.023333
0 0.681667 0.418333 0.043333 0.030000
0 0.525000 0.291667 0.043333 0.030000
0 0.686667 0.256667 0.040000 0.026667
0 0.568333 0.933333 0.070000 0.033333
0 0.026667 0.705000 0.053333 0.056667
0 0.306667 0.336667 0.033333 0.026667
0 0.380000 0.336667 0.040000 0.020000
0 0.338333 0.956667 0.076667 0.033333
0 0.611667 0.460000 0.070000 0.033333
0 0.131667 0.880000 0.050000 0.033333
0 0.390000 0.598333 0.046667 0.030000
0 0.221667 0.418333 0.043333 0.023333
0 0.188333 0.278333 0.056667 0.030000
0 0.656667 0.921667 0.073333 0.030000
