0 0.357915 0.678989 0.139323 0.064202
0 0.402837 0.750973 0.101562 0.060311
0 0.244634 0.571985 0.235677 0.079767
0 0.536300 0.729573 0.141927 0.087549
0 0.504399 0.497082 0.166667 0.140078
0 0.788905 0.417316 0.136719 0.108949
0 0.751795 0.532102 0.145833 0.112840
0 0.946457 0.468872 0.196615 0.114786
0 0.865076 0.673152 0.294271 0.087549
0 0.238774 0.655643 0.088542 0.064202
0 0.223800 0.751946 0.180990 0.062257
0 0.119634 0.686771 0.050781 0.040856
0 0.811691 0.614787 0.070312 0.056420
0 0.128097 0.442608 0.054688 0.042802
0 0.469894 0.431907 0.074219 0.060311
0 0.583826 0.398833 0.083333 0.033074
0 0.633306 0.704281 0.052083 0.068093
0 0.606613 0.593386 0.055990 0.040856
