0 0.969557 0.238270 0.058824 0.053191
0 0.983063 0.851350 0.023529 0.170213
0 0.910450 0.930056 0.126471 0.191489
0 0.792267 0.786580 0.047059 0.159574
0 0.743752 0.782286 0.044118 0.138298
0 0.671333 0.179955 0.061765 0.138298
0 0.512665 0.149952 0.079412 0.127660
0 0.354105 0.103996 0.055882 0.148936
0 0.694266 0.921567 0.047059 0.085106
0 0.770354 0.981508 0.105882 0.085106
0 0.364202 0.785944 0.155882 0.148936
0 0.550052 0.711938 0.050000 0.095745
0 0.616209 0.717792 0.041176 0.138298
0 0.631805 0.804304 0.055882 0.095745
0 0.165063 0.214965 0.061765 0.127660
0 0.250979 0.126795 0.044118 0.085106
0 0.792533 0.094907 0.038235 0.074468
0 0.206753 0.793294 0.158824 0.170213
0 0.876327 0.320472 0.067647 0.085106
0 0.541515 0.886767 0.035294 0.085106
