0 0.818833 0.644959 0.133333 0.093333
0 0.720500 0.291626 0.170000 0.133333
0 0.393833 0.434959 0.143333 0.093333
0 0.908833 0.329959 0.126667 0.110000
0 0.980500 0.456626 0.070000 0.116667
0 0.880500 0.224959 0.136667 0.120000
0 0.778833 0.173292 0.120000 0.096667
0 0.203833 0.131626 0.256667 0.140000
0 0.477167 0.564959 0.090000 0.066667
0 0.523833 0.633292 0.083333 0.063333
0 0.748833 0.863292 0.126667 0.063333
0 0.280500 0.711626 0.123333 0.080000
0 0.547167 0.868292 0.170000 0.080000
0 0.327167 0.321626 0.030000 0.033333
0 0.592167 0.458292 0.046667 0.033333
0 0.723833 0.656626 0.043333 0.036667
0 0.590500 0.673292 0.043333 0.030000
0 0.913833 0.666626 0.036667 0.030000
0 0.860500 0.706626 0.036667 0.030000
