0 0.465600 0.020188 0.030000 0.033333
0 0.421361 0.162593 0.030000 0.043333
0 0.502632 0.385224 0.070000 0.100000
0 0.451486 0.331727 0.030000 0.040000
0 0.495620 0.212892 0.030000 0.050000
0 0.449341 0.231071 0.053333 0.100000
0 0.578957 0.182857 0.036667 0.046667
0 0.543512 0.096903 0.030000 0.046667
0 0.633244 0.113094 0.043333 0.070000
0 0.522769 0.044249 0.023333 0.023333
0 0.543265 0.046461 0.023333 0.026667
0 0.599345 0.050482 0.033333 0.050000
0 0.644887 0.039135 0.033333 0.053333
0 0.698791 0.161234 0.026667 0.030000
0 0.638814 0.238514 0.033333 0.033333
0 0.526917 0.171548 0.023333 0.036667
0 0.636688 0.186649 0.023333 0.030000
0 0.638904 0.324311 0.023333 0.030000
0 0.606728 0.298476 0.033333 0.063333
0 0.523851 0.489971 0.030000 0.033333
0 0.582952 0.503669 0.023333 0.036667
0 0.569231 0.355821 0.023333 0.033333
0 0.533700 0.342228 0.023333 0.036667
0 0.575869 0.294332 0.020000 0.033333
0 0.657031 0.382375 0.030000 0.030000
0 0.595156 0.409441 0.020000 0.026667
0 0.689346 0.324064 0.030000 0.056667
0 0.693123 0.375700 0.023333 0.026667
0 0.618939 0.520564 0.043333 0.093333
0 0.666746 0.476935 0.050000 0.080000
0 0.687946 0.532892 0.043333 0.070000
0 0.459396 0.620029 0.066667 0.100000
0 0.675764 0.834068 0.043333 0.070000
0 0.661535 0.694703 0.040000 0.050000
0 0.671740 0.731990 0.023333 0.026667
0 0.683154 0.656380 0.033333 0.060000
0 0.703722 0.695598 0.030000 0.050000
0 0.719651 0.664792 0.043333 0.060000
0 0.594336 0.646792 0.026667 0.030000
0 0.541734 0.655751 0.033333 0.046667
0 0.575790 0.683008 0.026667 0.030000
0 0.585539 0.716993 0.030000 0.026667
0 0.585890 0.743865 0.030000 0.033333
0 0.591880 0.775005 0.033333 0.030000
0 0.601576 0.820774 0.033333 0.050000
0 0.631065 0.815013 0.033333 0.026667
0 0.632611 0.838354 0.030000 0.026667
0 0.671504 0.414023 0.030000 0.030000
0 0.499015 0.456390 0.023333 0.026667
0 0.540794 0.284040 0.026667 0.030000
0 0.384494 0.078518 0.026667 0.033333
0 0.533573 0.900847 0.050000 0.096667
0 0.554998 0.800297 0.053333 0.136667
0 0.618861 0.909240 0.036667 0.050000
0 0.395384 0.862756 0.026667 0.036667
0 0.416389 0.856485 0.023333 0.030000
0 0.434512 0.756391 0.020000 0.023333
0 0.474364 0.752561 0.020000 0.020000
0 0.466532 0.817581 0.026667 0.026667
0 0.391446 0.688317 0.033333 0.030000
0 0.425131 0.639911 0.026667 0.030000
0 0.485643 0.919255 0.023333 0.033333
0 0.452396 0.922171 0.030000 0.030000
0 0.616895 0.980179 0.040000 0.016667
0 0.641940 0.966619 0.026667 0.036667
0 0.667071 0.880699 0.040000 0.033333
0 0.664526 0.923114 0.050000 0.063333
0 0.437380 0.959581 0.023333 0.033333
0 0.501572 0.888448 0.023333 0.023333
0 0.579800 0.894453 0.023333 0.023333
0 0.498866 0.808061 0.040000 0.030000
0 0.505574 0.783577 0.026667 0.030000
0 0.419115 0.985663 0.040000 0.040000
0 0.576288 0.942050 0.023333 0.023333
0 0.583981 0.961176 0.046667 0.030000
0 0.624248 0.704908 0.023333 0.033333
0 0.639245 0.618707 0.063333 0.080000
0 0.423566 0.567779 0.023333 0.026667
0 0.450719 0.557293 0.026667 0.033333
0 0.476887 0.503197 0.026667 0.033333
0 0.490218 0.526591 0.020000 0.030000
0 0.506394 0.546227 0.026667 0.046667
0 0.525292 0.536882 0.020000 0.040000
0 0.551198 0.541712 0.023333 0.056667
0 0.525363 0.573888 0.030000 0.040000
0 0.536991 0.609296 0.030000 0.053333
0 0.459849 0.465173 0.050000 0.100000
0 0.547930 0.481592 0.020000 0.030000
0 0.619621 0.367359 0.026667 0.030000
0 0.632899 0.402538 0.023333 0.023333
0 0.684128 0.225516 0.026667 0.033333
0 0.707784 0.895258 0.023333 0.026667
0 0.705358 0.804736 0.023333 0.033333
0 0.714515 0.335725 0.043333 0.166667
