0 0.964725 0.508868 0.068750 0.115145
0 0.934502 0.649060 0.060938 0.064315
0 0.907555 0.798537 0.064062 0.107884
0 0.782670 0.281762 0.040625 0.064315
0 0.722309 0.519597 0.067188 0.073651
0 0.655923 0.467277 0.042188 0.073651
0 0.658097 0.338256 0.040625 0.061203
0 0.793464 0.847751 0.065625 0.040456
0 0.684749 0.657425 0.040625 0.034232
0 0.556750 0.646822 0.051562 0.061203
0 0.680625 0.236118 0.045313 0.082988
0 0.663405 0.180149 0.053125 0.059129
0 0.508169 0.131942 0.051562 0.094398
0 0.489583 0.428910 0.039062 0.049793
0 0.616265 0.289100 0.062500 0.058091
0 0.392574 0.696959 0.045313 0.035270
0 0.220802 0.489348 0.059375 0.053942
0 0.480038 0.860833 0.053125 0.041494
0 0.428264 0.858947 0.040625 0.050830
0 0.151855 0.346905 0.042188 0.090249
0 0.111874 0.906913 0.048437 0.054979
0 0.583047 0.824614 0.048437 0.039419
0 0.735489 0.822606 0.026563 0.028008
