0 0.126133 0.543220 0.055944 0.130435
0 0.235677 0.487048 0.080420 0.108696
0 0.346896 0.278404 0.097902 0.195652
0 0.285323 0.834814 0.213287 0.119565
0 0.415109 0.569638 0.122378 0.163043
0 0.489121 0.321786 0.066434 0.206522
0 0.552527 0.211124 0.041958 0.130435
0 0.656837 0.302397 0.115385 0.119565
0 0.831022 0.238753 0.157343 0.163043
0 0.604649 0.912108 0.192308 0.130435
0 0.054460 0.986589 0.090909 0.130435
0 0.575975 0.708759 0.125874 0.130435
0 0.607869 0.596301 0.052448 0.152174
0 0.835108 0.434068 0.062937 0.097826
0 0.841330 0.661767 0.041958 0.097826
0 0.894449 0.568610 0.045455 0.097826
0 0.985087 0.248135 0.024476 0.130435
0 0.978690 0.444662 0.034965 0.130435
0 0.988544 0.829659 0.031469 0.119565
0 0.952463 0.007172 0.027972 0.076087
