0 0.454525 0.493021 0.100000 0.056667
0 0.215945 0.043259 0.123333 0.080000
0 0.142487 0.127824 0.066667 0.040000
0 0.073696 0.143223 0.060000 0.043333
0 0.740164 0.763744 0.066667 0.040000
0 0.437463 0.342308 0.110000 0.066667
0 0.510586 0.336518 0.050000 0.030000
0 0.674876 0.468850 0.063333 0.033333
0 0.787199 0.092161 0.043333 0.033333
0 0.215831 0.468805 0.056667 0.026667
0 0.515876 0.568849 0.080000 0.033333
0 0.516853 0.479956 0.046667 0.023333
0 0.621702 0.177745 0.050000 0.030000
0 0.790489 0.239254 0.060000 0.026667
0 0.843889 0.319244 0.043333 0.030000
0 0.875357 0.299278 0.036667 0.023333
0 0.803596 0.482514 0.043333 0.026667
0 0.444654 0.691718 0.066667 0.030000
0 0.779926 0.825022 0.073333 0.036667
0 0.578595 0.904213 0.063333 0.026667
0 0.606777 0.819245 0.050000 0.023333
0 0.887191 0.809046 0.056667 0.026667
0 0.907988 0.520441 0.096667 0.036667
0 0.925649 0.480105 0.053333 0.026667
0 0.804934 0.167415 0.043333 0.026667
0 0.624107 0.217707 0.040000 0.023333
0 0.596901 0.213784 0.026667 0.023333
0 0.768903 0.306795 0.043333 0.016667
0 0.717661 0.067429 0.023333 0.016667
0 0.685285 0.209786 0.036667 0.020000
0 0.057558 0.198482 0.050000 0.023333
0 0.883109 0.358799 0.040000 0.023333
0 0.138880 0.387868 0.073333 0.036667
0 0.174168 0.290447 0.056667 0.036667
0 0.239239 0.320661 0.033333 0.023333
0 0.256262 0.372534 0.043333 0.030000
0 0.399254 0.230611 0.043333 0.030000
0 0.234869 0.212211 0.040000 0.026667
0 0.421315 0.873361 0.070000 0.033333
0 0.936990 0.591195 0.053333 0.056667
0 0.621029 0.253204 0.033333 0.026667
0 0.548075 0.260651 0.040000 0.020000
0 0.652495 0.873214 0.076667 0.033333
0 0.330132 0.406876 0.070000 0.033333
0 0.850307 0.775954 0.050000 0.033333
0 0.564702 0.521981 0.046667 0.030000
0 0.713884 0.325815 0.043333 0.023333
0 0.732826 0.183154 0.056667 0.030000
0 0.332253 0.870726 0.073333 0.030000
