0 0.709572 0.629798 0.139323 0.064202
0 0.667058 0.704976 0.101562 0.060311
0 0.819220 0.514653 0.235677 0.079767
0 0.533054 0.693343 0.141927 0.087549
0 0.557315 0.458802 0.166667 0.140078
0 0.270542 0.399899 0.136719 0.108949
0 0.311360 0.511839 0.145833 0.112840
0 0.114863 0.462894 0.196615 0.114786
0 0.202826 0.660990 0.294271 0.087549
0 0.827807 0.597783 0.088542 0.064202
0 0.845912 0.692879 0.180990 0.062257
0 0.947824 0.620177 0.050781 0.040856
0 0.254239 0.598797 0.070312 0.056420
0 0.931387 0.376923 0.054688 0.042802
0 0.589648 0.391186 0.074219 0.060311
0 0.474770 0.366468 0.083333 0.033074
0 0.036005 0.622538 0.065104 0.091440
0 0.435338 0.675163 0.052083 0.068093
0 0.458373 0.562452 0.055990 0.040856
