0 0.276289 0.068006 0.041237 0.088803
0 0.398532 0.034161 0.051546 0.038610
0 0.430503 0.076594 0.061856 0.073359
0 0.346899 0.137757 0.061856 0.088803
0 0.533035 0.059074 0.056701 0.073359
0 0.669429 0.117001 0.082474 0.096525
0 0.607668 0.322631 0.103093 0.119691
0 0.401162 0.398244 0.087629 0.077220
0 0.336678 0.501123 0.041237 0.065637
0 0.204641 0.503450 0.067010 0.092664
0 0.494035 0.504079 0.056701 0.108108
0 0.438550 0.464208 0.041237 0.050193
0 0.764175 0.308117 0.041237 0.119691
0 0.665734 0.596881 0.077320 0.111969
0 0.327678 0.643874 0.041237 0.073359
0 0.405894 0.741149 0.061856 0.096525
0 0.536507 0.727128 0.051546 0.061776
0 0.300200 0.816568 0.061856 0.104247
0 0.531692 0.879791 0.082474 0.088803
