0 0.868731 0.580164 0.096667 0.074444
0 0.707339 0.522897 0.103333 0.094444
0 0.566770 0.408778 0.089167 0.062222
0 0.605805 0.360066 0.074167 0.074444
0 0.552916 0.334774 0.058333 0.047778
0 0.968585 0.403118 0.054167 0.038889
0 0.877904 0.447940 0.119167 0.062222
0 0.930498 0.615080 0.038333 0.044444
0 0.484538 0.574888 0.071667 0.084444
0 0.288924 0.478747 0.122500 0.065556
0 0.187490 0.495247 0.080000 0.051111
0 0.468147 0.394949 0.077500 0.077778
0 0.403544 0.332262 0.089167 0.117778
0 0.252581 0.355223 0.047500 0.052222
0 0.168878 0.375327 0.080833 0.064444
0 0.770879 0.344111 0.056667 0.025556
0 0.626844 0.571382 0.090833 0.053333
