0 0.284750 0.236483 0.170000 0.090000
0 0.363958 0.472976 0.156667 0.093333
0 0.488391 0.509903 0.133333 0.080000
0 0.047149 0.815384 0.063333 0.040000
0 0.327726 0.565358 0.053333 0.040000
0 0.379044 0.608849 0.090000 0.073333
0 0.623812 0.763992 0.106667 0.066667
0 0.847094 0.550339 0.146667 0.103333
0 0.632360 0.381026 0.153333 0.096667
0 0.734225 0.239365 0.133333 0.116667
0 0.739915 0.132628 0.133333 0.146667
0 0.826345 0.075479 0.060000 0.130000
0 0.339647 0.987594 0.170000 0.080000
0 0.557892 0.922638 0.060000 0.036667
