0 0.059303 0.268425 0.066381 0.192308
0 0.103047 0.756558 0.034261 0.163462
0 0.027831 0.985802 0.077088 0.250000
0 0.296659 0.973934 0.100642 0.163462
0 0.158925 0.265980 0.051392 0.086538
0 0.226147 0.360436 0.059957 0.163462
0 0.178586 0.820738 0.025696 0.221154
0 0.405082 0.743876 0.038544 0.201923
0 0.348540 0.262722 0.023555 0.125000
0 0.525921 0.843681 0.085653 0.115385
0 0.480582 0.293274 0.025696 0.134615
0 0.657378 0.167098 0.038544 0.173077
0 0.663716 0.921369 0.089936 0.125000
0 0.682349 0.716146 0.096360 0.240385
0 0.864595 0.728570 0.040685 0.307692
0 0.937450 0.600760 0.055675 0.153846
0 0.922734 0.252042 0.049251 0.221154
0 0.815966 0.424086 0.025696 0.182692
0 0.752499 0.266450 0.034261 0.134615
0 0.418992 0.486531 0.032120 0.153846
0 0.398341 0.196551 0.038544 0.163462
0 0.564296 0.437857 0.044968 0.144231
0 0.593709 0.240430 0.042827 0.221154
