1 0.524733 0.577516 0.126667 0.180000
1 0.618066 0.397516 0.073333 0.053333
1 0.648066 0.489183 0.100000 0.076667
1 0.829733 0.455850 0.130000 0.090000
1 0.924733 0.582516 0.113333 0.090000
1 0.786399 0.652516 0.116667 0.136667
1 0.839733 0.789183 0.123333 0.116667
1 0.656399 0.869183 0.143333 0.190000
1 0.516399 0.327516 0.156667 0.166667
1 0.344733 0.172516 0.086667 0.103333
1 0.696399 0.225850 0.196667 0.116667
1 0.826399 0.209183 0.103333 0.143333
1 0.843066 0.377516 0.170000 0.166667
1 0.243066 0.045850 0.136667 0.070000
