0 0.044900 0.343256 0.034261 0.163462
0 0.230638 0.671088 0.100642 0.163462
0 0.178361 0.021837 0.059957 0.163462
0 0.117960 0.450704 0.025696 0.221154
0 0.344771 0.505832 0.038544 0.201923
0 0.461727 0.674876 0.085653 0.115385
0 0.432597 0.102785 0.025696 0.134615
0 0.611542 0.080192 0.038544 0.173077
0 0.596134 0.831822 0.089936 0.125000
0 0.620513 0.639122 0.096360 0.240385
0 0.800876 0.757128 0.040685 0.307692
0 0.876796 0.672637 0.055675 0.153846
0 0.872233 0.318305 0.049251 0.221154
0 0.761410 0.426993 0.025696 0.182692
0 0.703008 0.233872 0.034261 0.134615
0 0.365965 0.258708 0.032120 0.153846
0 0.511453 0.294705 0.044968 0.144231
0 0.546297 0.115987 0.042827 0.221154
