0 0.805451 0.300894 0.062857 0.070934
0 0.483309 0.257641 0.072857 0.064014
0 0.792594 0.599337 0.094286 0.055363
0 0.706166 0.741205 0.098571 0.062284
0 0.544737 0.831170 0.141429 0.072664
0 0.437594 0.719579 0.161429 0.095156
0 0.341166 0.643454 0.091429 0.074394
0 0.034023 0.672866 0.065714 0.074394
0 0.626166 0.377018 0.101429 0.039792
0 0.349737 0.419406 0.100000 0.072664
0 0.210451 0.874423 0.087143 0.041522
0 0.225451 0.359717 0.045714 0.039792
0 0.526166 0.307814 0.044286 0.025952
0 0.644737 0.223039 0.070000 0.022491
0 0.134737 0.447952 0.067143 0.022491
0 0.666166 0.909025 0.072857 0.027682
0 0.925451 0.787918 0.071429 0.034602
