0 0.636667 0.381667 0.066667 0.043333
0 0.645000 0.466667 0.056667 0.040000
0 0.641667 0.755000 0.050000 0.036667
0 0.673333 0.201667 0.053333 0.036667
0 0.501667 0.046667 0.063333 0.040000
0 0.580000 0.233333 0.053333 0.040000
0 0.570000 0.320000 0.066667 0.046667
0 0.395000 0.211667 0.036667 0.030000
0 0.425000 0.223333 0.043333 0.026667
0 0.386667 0.705000 0.040000 0.043333
0 0.498333 0.606667 0.050000 0.040000
0 0.485000 0.736667 0.036667 0.033333
0 0.543333 0.715000 0.046667 0.036667
0 0.673333 0.868333 0.060000 0.050000
0 0.570000 0.543333 0.046667 0.040000
0 0.591667 0.613333 0.050000 0.040000
0 0.555000 0.570000 0.036667 0.040000
0 0.465000 0.441667 0.043333 0.036667
0 0.483333 0.265000 0.026667 0.023333
0 0.483333 0.283333 0.040000 0.026667
0 0.403333 0.080000 0.033333 0.033333
