0 0.170000 0.236159 0.062857 0.070934
0 0.492143 0.192907 0.072857 0.064014
0 0.182857 0.534602 0.094286 0.055363
0 0.269286 0.676471 0.098571 0.062284
0 0.430714 0.766436 0.141429 0.072664
0 0.537857 0.654844 0.161429 0.095156
0 0.634286 0.578720 0.091429 0.074394
0 0.941429 0.608131 0.065714 0.074394
0 0.349286 0.312284 0.101429 0.039792
0 0.625714 0.354671 0.100000 0.072664
0 0.765000 0.809689 0.087143 0.041522
0 0.750000 0.294983 0.045714 0.039792
0 0.449286 0.243080 0.044286 0.025952
0 0.330714 0.158304 0.070000 0.022491
0 0.840714 0.383218 0.067143 0.022491
0 0.309286 0.844291 0.072857 0.027682
0 0.050000 0.723183 0.071429 0.034602
