0 0.230986 0.617379 0.083333 0.060000
0 0.222653 0.255712 0.093333 0.056667
0 0.545986 0.417379 0.060000 0.040000
0 0.504320 0.925712 0.116667 0.063333
0 0.075986 0.637379 0.053333 0.046667
0 0.129320 0.580712 0.046667 0.026667
0 0.519320 0.569045 0.033333 0.016667
0 0.544320 0.735712 0.056667 0.023333
0 0.235986 0.787379 0.033333 0.020000
0 0.525986 0.297379 0.080000 0.053333
0 0.242653 0.852379 0.033333 0.023333
0 0.594320 0.155712 0.030000 0.023333
0 0.170986 0.732379 0.036667 0.023333
0 0.172653 0.609045 0.053333 0.043333
0 0.567653 0.512379 0.043333 0.043333
0 0.220986 0.547379 0.056667 0.040000
0 0.032653 0.782379 0.040000 0.030000
0 0.729320 0.780712 0.053333 0.033333
0 0.462653 0.662379 0.053333 0.036667
