1 0.776067 0.070982 0.126667 0.126667
1 0.742734 0.502649 0.140000 0.163333
1 0.787734 0.669315 0.083333 0.076667
1 0.776067 0.925982 0.086667 0.123333
1 0.982734 0.755982 0.100000 0.183333
1 0.946067 0.647649 0.100000 0.106667
1 0.989401 0.530982 0.093333 0.140000
1 0.967734 0.380982 0.123333 0.146667
1 0.934401 0.247649 0.103333 0.106667
1 0.537734 0.124315 0.096667 0.133333
1 0.542734 0.539315 0.093333 0.183333
1 0.511067 0.717649 0.076667 0.100000
1 0.527734 0.910982 0.150000 0.146667
1 0.397734 0.320982 0.070000 0.093333
1 0.404401 0.224315 0.083333 0.086667
1 0.387734 0.130982 0.096667 0.120000
1 0.356067 0.852649 0.073333 0.223333
1 0.226067 0.647649 0.086667 0.140000
