0 0.717143 0.276227 0.253333 0.153333
0 0.673031 0.213324 0.060000 0.036667
0 0.756850 0.556393 0.073333 0.070000
0 0.524363 0.691167 0.096667 0.070000
0 0.643577 0.808269 0.063333 0.040000
0 0.365794 0.427896 0.110000 0.103333
0 0.350701 0.617325 0.130000 0.096667
0 0.180765 0.763212 0.073333 0.046667
0 0.015764 0.703610 0.073333 0.046667
0 0.055809 0.859893 0.110000 0.050000
0 0.939324 0.195710 0.093333 0.050000
0 0.057019 0.245452 0.060000 0.053333
0 0.314988 0.278939 0.033333 0.030000
0 0.505695 0.212104 0.053333 0.040000
0 0.414123 0.137881 0.063333 0.043333
0 0.624526 0.436340 0.266667 0.170000
