0 0.047904 0.336398 0.057554 0.049724
0 0.264255 0.261252 0.082734 0.055249
0 0.405468 0.313408 0.046763 0.049724
0 0.134379 0.507876 0.064748 0.033149
0 0.043041 0.188519 0.043165 0.066298
0 0.147834 0.662622 0.061151 0.071823
0 0.202773 0.651600 0.053957 0.044199
0 0.300982 0.447322 0.043165 0.060773
0 0.356284 0.458565 0.046763 0.044199
0 0.399236 0.465141 0.061151 0.066298
0 0.254219 0.193088 0.032374 0.011050
0 0.473298 0.326569 0.046763 0.066298
0 0.586561 0.224536 0.021583 0.027624
0 0.468701 0.592372 0.043165 0.044199
0 0.533463 0.485690 0.043165 0.066298
0 0.569965 0.452413 0.039568 0.055249
0 0.598784 0.481810 0.043165 0.060773
0 0.647957 0.281129 0.057554 0.077348
0 0.722060 0.336892 0.039568 0.077348
0 0.697758 0.516395 0.050360 0.055249
0 0.662160 0.591453 0.061151 0.071823
0 0.527962 0.709714 0.061151 0.049724
0 0.648936 0.683816 0.061151 0.049724
0 0.790126 0.624925 0.046763 0.066298
0 0.884421 0.536645 0.035971 0.060773
0 0.675326 0.221469 0.046763 0.049724
0 0.784147 0.271442 0.046763 0.071823
0 0.947538 0.260367 0.068345 0.055249
0 0.832382 0.725782 0.050360 0.033149
0 0.672587 0.820691 0.039568 0.027624
0 0.803534 0.557575 0.071942 0.049724
0 0.594106 0.358944 0.068345 0.049724
0 0.841716 0.860465 0.122302 0.099448
0 0.240190 0.715627 0.043165 0.038674
0 0.388981 0.205391 0.043165 0.049724
0 0.893922 0.613054 0.050360 0.055249
0 0.951549 0.616325 0.043165 0.044199
0 0.483409 0.755639 0.043165 0.044199
0 0.910064 0.782093 0.075540 0.055249
