1 0.326081 0.053486 0.126667 0.126667
1 0.296635 0.485436 0.140000 0.163333
1 0.228004 0.643842 0.083333 0.076667
1 0.202428 0.899498 0.086667 0.123333
1 0.022520 0.701396 0.100000 0.183333
1 0.074469 0.599505 0.100000 0.106667
1 0.048464 0.477797 0.093333 0.140000
1 0.091596 0.332508 0.123333 0.146667
1 0.143862 0.205397 0.103333 0.106667
1 0.554196 0.140728 0.096667 0.133333
1 0.489230 0.550641 0.093333 0.183333
1 0.494772 0.731680 0.076667 0.100000
1 0.450320 0.920570 0.150000 0.146667
1 0.664281 0.355574 0.070000 0.093333
1 0.671665 0.258959 0.083333 0.086667
1 0.701654 0.169018 0.096667 0.120000
1 0.628618 0.887677 0.073333 0.223333
1 0.786900 0.703633 0.086667 0.140000
