0 0.610455 0.307355 0.053125 0.087925
0 0.571392 0.456828 0.062500 0.091442
0 0.655767 0.690122 0.053125 0.082063
0 0.487017 0.605714 0.059375 0.084408
0 0.479986 0.280392 0.054688 0.033998
0 0.589361 0.895280 0.076563 0.133646
0 0.621392 0.987895 0.062500 0.070340
0 0.462017 0.931036 0.059375 0.071512
0 0.474517 0.710638 0.062500 0.069168
0 0.440924 0.755773 0.032812 0.058617
0 0.465142 0.794460 0.040625 0.042204
0 0.405767 0.780392 0.028125 0.063306
0 0.628424 0.229981 0.057813 0.050410
0 0.465142 0.393522 0.062500 0.056272
0 0.395611 0.430450 0.032812 0.057444
0 0.369049 0.447449 0.014062 0.135991
0 0.419049 0.215327 0.029687 0.044549
0 0.568267 0.100439 0.040625 0.032825
0 0.451080 0.147918 0.037500 0.062134
0 0.389361 0.144987 0.032812 0.037515
0 0.354205 0.108059 0.012500 0.019930
0 0.426861 0.577578 0.048437 0.072685
0 0.415142 0.636195 0.040625 0.060961
