1 0.519463 0.572641 0.126667 0.180000
1 0.419305 0.396347 0.073333 0.053333
1 0.392837 0.489096 0.100000 0.076667
1 0.210027 0.462743 0.130000 0.090000
1 0.119947 0.592955 0.113333 0.090000
1 0.260860 0.657606 0.116667 0.136667
1 0.212799 0.796215 0.123333 0.116667
1 0.399061 0.869136 0.143333 0.190000
1 0.518217 0.322506 0.156667 0.166667
1 0.683822 0.161046 0.086667 0.103333
1 0.334456 0.227806 0.196667 0.116667
1 0.203913 0.216130 0.103333 0.143333
1 0.193704 0.384978 0.170000 0.166667
1 0.780564 0.030579 0.136667 0.070000
