1 0.263333 0.083333 0.126667 0.126667
1 0.296667 0.515000 0.140000 0.163333
1 0.251667 0.681667 0.083333 0.076667
1 0.263333 0.938333 0.086667 0.123333
1 0.056667 0.768333 0.100000 0.183333
1 0.093333 0.660000 0.100000 0.106667
1 0.050000 0.543333 0.093333 0.140000
1 0.071667 0.393333 0.123333 0.146667
1 0.105000 0.260000 0.103333 0.106667
1 0.501667 0.136667 0.096667 0.133333
1 0.496667 0.551667 0.093333 0.183333
1 0.528333 0.730000 0.076667 0.100000
1 0.511667 0.923333 0.150000 0.146667
1 0.641667 0.333333 0.070000 0.093333
1 0.635000 0.236667 0.083333 0.086667
1 0.651667 0.143333 0.096667 0.120000
1 0.683333 0.865000 0.073333 0.223333
1 0.813333 0.660000 0.086667 0.140000
