1 0.195773 0.256762 0.130000 0.080000
1 0.309107 0.311762 0.110000 0.130000
1 0.237440 0.380095 0.166667 0.126667
1 0.347440 0.456762 0.080000 0.106667
1 0.360773 0.551762 0.093333 0.096667
1 0.265773 0.598428 0.163333 0.230000
1 0.329107 0.670095 0.063333 0.086667
1 0.372440 0.630095 0.076667 0.100000
1 0.389107 0.736762 0.083333 0.086667
1 0.545773 0.853428 0.063333 0.080000
1 0.619107 0.830095 0.143333 0.160000
1 0.545773 0.953428 0.156667 0.153333
1 0.587440 0.585095 0.133333 0.110000
1 0.159107 0.136762 0.130000 0.100000
