0 0.733975 0.097347 0.050000 0.043333
0 0.467308 0.205680 0.050000 0.033333
0 0.327308 0.564013 0.096667 0.096667
0 0.373975 0.467347 0.043333 0.036667
0 0.290641 0.472347 0.050000 0.046667
0 0.485641 0.474013 0.053333 0.050000
0 0.573975 0.612347 0.070000 0.066667
0 0.610641 0.627347 0.036667 0.030000
0 0.660641 0.615680 0.043333 0.033333
0 0.088975 0.479013 0.060000 0.053333
0 0.743975 0.324013 0.076667 0.083333
0 0.217308 0.602347 0.043333 0.040000
0 0.143975 0.697347 0.076667 0.096667
0 0.300641 0.685680 0.050000 0.066667
0 0.472308 0.705680 0.060000 0.073333
0 0.372308 0.777347 0.053333 0.050000
0 0.505641 0.399013 0.040000 0.033333
0 0.557308 0.392347 0.036667 0.033333
0 0.413975 0.384013 0.043333 0.043333
0 0.435641 0.315680 0.040000 0.040000
0 0.300641 0.300680 0.050000 0.036667
0 0.367308 0.252347 0.050000 0.026667
0 0.350641 0.205680 0.050000 0.040000
0 0.250641 0.277347 0.050000 0.043333
0 0.172308 0.172347 0.060000 0.040000
0 0.702308 0.149013 0.040000 0.033333
0 0.670641 0.277347 0.036667 0.036667
0 0.233975 0.109013 0.036667 0.033333
0 0.230641 0.180680 0.043333 0.050000
0 0.303975 0.244013 0.030000 0.030000
0 0.590641 0.235680 0.030000 0.033333
0 0.820641 0.280680 0.036667 0.043333
0 0.717308 0.437347 0.036667 0.036667
0 0.842308 0.349013 0.046667 0.053333
0 0.843975 0.189013 0.076667 0.093333
0 0.117308 0.879013 0.170000 0.120000
0 0.445641 0.834013 0.040000 0.036667
0 0.475641 0.804013 0.033333 0.030000
0 0.555641 0.775680 0.026667 0.026667
0 0.493975 0.939013 0.036667 0.033333
0 0.685641 0.732347 0.040000 0.040000
0 0.192308 0.130680 0.053333 0.050000
0 0.145641 0.550680 0.033333 0.030000
0 0.172308 0.525680 0.033333 0.026667
0 0.255641 0.062347 0.033333 0.033333
0 0.753975 0.160680 0.043333 0.050000
0 0.788975 0.172347 0.026667 0.026667
0 0.357308 0.882347 0.030000 0.026667
0 0.625641 0.275680 0.053333 0.080000
0 0.182308 0.385680 0.120000 0.146667
0 0.518975 0.822347 0.033333 0.026667
0 0.335641 0.952347 0.040000 0.033333
0 0.388975 0.894013 0.033333 0.030000
0 0.132308 0.795680 0.020000 0.020000
0 0.102308 0.779013 0.020000 0.020000
0 0.052308 0.795680 0.020000 0.020000
0 0.037308 0.589013 0.090000 0.080000
0 0.395641 0.730680 0.040000 0.030000
0 0.032308 0.675680 0.060000 0.060000
0 0.395641 0.949013 0.100000 0.113333
0 0.342308 0.345680 0.086667 0.093333
0 0.683975 0.239013 0.023333 0.026667
0 0.568975 0.170680 0.033333 0.030000
0 0.740641 0.467347 0.043333 0.070000
0 0.487308 0.600680 0.030000 0.036667
0 0.512308 0.865680 0.053333 0.053333
0 0.528975 0.950680 0.046667 0.043333
0 0.102308 0.349013 0.040000 0.053333
0 0.128975 0.360680 0.026667 0.023333
0 0.212308 0.947347 0.040000 0.030000
0 0.643975 0.570680 0.063333 0.076667
0 0.743975 0.582347 0.056667 0.106667
0 0.050641 0.425680 0.036667 0.026667
0 0.037308 0.485680 0.030000 0.053333
0 0.853975 0.287347 0.023333 0.030000
0 0.583975 0.387347 0.030000 0.023333
0 0.680641 0.469013 0.023333 0.026667
