0 0.986080 0.852042 0.126471 0.191489
0 0.868019 0.707253 0.047059 0.159574
0 0.819508 0.702421 0.044118 0.138298
0 0.747601 0.099288 0.061765 0.138298
0 0.588959 0.067522 0.079412 0.127660
0 0.430438 0.019805 0.055882 0.148936
0 0.769904 0.841151 0.047059 0.085106
0 0.845941 0.901937 0.105882 0.085106
0 0.439957 0.701863 0.155882 0.148936
0 0.625869 0.629921 0.050000 0.095745
0 0.692020 0.636510 0.041176 0.138298
0 0.707543 0.723195 0.055882 0.095745
0 0.241303 0.128674 0.061765 0.127660
0 0.327293 0.041458 0.044118 0.085106
0 0.282502 0.707464 0.158824 0.170213
0 0.952474 0.242082 0.067647 0.085106
0 0.617183 0.804655 0.035294 0.085106
