0 0.207759 0.042008 0.050000 0.043333
0 0.469520 0.161710 0.050000 0.033333
0 0.593980 0.525732 0.096667 0.096667
0 0.551514 0.427148 0.043333 0.036667
0 0.634555 0.435727 0.050000 0.046667
0 0.439664 0.429006 0.053333 0.050000
0 0.345463 0.563413 0.070000 0.066667
0 0.308185 0.576822 0.036667 0.030000
0 0.258733 0.563016 0.043333 0.033333
0 0.835749 0.451061 0.060000 0.053333
0 0.188021 0.268035 0.076667 0.083333
0 0.702230 0.568761 0.043333 0.040000
0 0.931725 0.740456 0.043333 0.050000
0 0.771410 0.666826 0.076667 0.096667
0 0.615390 0.648433 0.050000 0.066667
0 0.443022 0.661032 0.060000 0.073333
0 0.539847 0.736933 0.053333 0.050000
0 0.422908 0.353215 0.040000 0.033333
0 0.371576 0.344333 0.036667 0.033333
0 0.515135 0.342172 0.043333 0.043333
0 0.496427 0.272970 0.040000 0.040000
0 0.631947 0.263789 0.050000 0.036667
0 0.567421 0.212634 0.050000 0.026667
0 0.586079 0.166727 0.050000 0.040000
0 0.682904 0.242628 0.050000 0.043333
0 0.765681 0.141094 0.060000 0.040000
0 0.237175 0.094989 0.040000 0.033333
0 0.263293 0.224565 0.036667 0.036667
0 0.706795 0.075167 0.036667 0.033333
0 0.707043 0.146911 0.043333 0.050000
0 0.631054 0.207032 0.030000 0.030000
0 0.345011 0.186378 0.030000 0.033333
0 0.113288 0.221445 0.036667 0.043333
0 0.209789 0.382410 0.036667 0.036667
0 0.088703 0.288783 0.046667 0.053333
0 0.093919 0.128859 0.076667 0.093333
0 0.790239 0.849472 0.170000 0.120000
0 0.464145 0.790393 0.040000 0.036667
0 0.435463 0.759131 0.033333 0.030000
0 0.356755 0.727383 0.026667 0.026667
0 0.411341 0.893218 0.036667 0.033333
0 0.228739 0.678499 0.040000 0.040000
0 0.403407 0.961273 0.040000 0.030000
0 0.747491 0.098606 0.053333 0.050000
0 0.776052 0.520224 0.033333 0.030000
0 0.750485 0.494100 0.033333 0.026667
0 0.687155 0.027612 0.033333 0.033333
0 0.185054 0.104423 0.043333 0.050000
0 0.149585 0.114574 0.026667 0.026667
0 0.550318 0.842481 0.030000 0.026667
0 0.308323 0.224836 0.053333 0.080000
0 0.746516 0.353800 0.120000 0.146667
0 0.391381 0.775584 0.033333 0.026667
0 0.568954 0.913348 0.040000 0.033333
0 0.518179 0.852775 0.033333 0.030000
0 0.833080 0.978100 0.060000 0.053333
0 0.912168 0.884748 0.030000 0.026667
0 0.778837 0.765571 0.020000 0.020000
0 0.809526 0.750210 0.020000 0.020000
0 0.858763 0.769011 0.020000 0.020000
0 0.882637 0.563181 0.090000 0.080000
0 0.518543 0.689306 0.040000 0.030000
0 0.883905 0.649982 0.060000 0.060000
0 0.509153 0.907437 0.100000 0.113333
0 0.588384 0.306956 0.086667 0.093333
0 0.251620 0.185694 0.023333 0.026667
0 0.369453 0.122370 0.033333 0.030000
0 0.185187 0.411379 0.043333 0.070000
0 0.432551 0.555484 0.030000 0.036667
0 0.396178 0.819164 0.053333 0.053333
0 0.375871 0.903368 0.046667 0.043333
0 0.828018 0.320607 0.040000 0.053333
0 0.800875 0.331116 0.026667 0.023333
0 0.692388 0.913657 0.040000 0.030000
0 0.615682 0.990429 0.033333 0.030000
0 0.277320 0.518774 0.063333 0.076667
0 0.728911 0.995303 0.060000 0.030000
0 0.584332 0.982406 0.050000 0.043333
0 0.176911 0.526129 0.056667 0.106667
0 0.876340 0.399425 0.036667 0.026667
0 0.887081 0.459943 0.030000 0.053333
0 0.079699 0.226672 0.023333 0.030000
0 0.345149 0.338191 0.030000 0.023333
0 0.245059 0.415625 0.023333 0.026667
