0 0.658004 0.580265 0.206667 0.100000
0 0.588004 0.700265 0.120000 0.053333
0 0.676337 0.718598 0.103333 0.043333
0 0.393004 0.725265 0.143333 0.043333
0 0.763004 0.241931 0.196667 0.090000
0 0.673004 0.105265 0.183333 0.063333
0 0.481337 0.125265 0.146667 0.116667
0 0.153004 0.451931 0.136667 0.083333
0 0.304671 0.480265 0.073333 0.046667
0 0.274671 0.591931 0.060000 0.036667
0 0.903004 0.381931 0.090000 0.083333
0 0.854671 0.460265 0.040000 0.033333
0 0.268004 0.641931 0.080000 0.063333
0 0.151337 0.788598 0.073333 0.076667
