0 0.206210 0.605823 0.133333 0.093333
0 0.281565 0.246886 0.170000 0.133333
0 0.616791 0.368866 0.143333 0.093333
0 0.096094 0.297279 0.126667 0.110000
0 0.032740 0.428302 0.070000 0.116667
0 0.117600 0.190671 0.136667 0.120000
0 0.215725 0.132559 0.120000 0.096667
0 0.786844 0.053917 0.256667 0.140000
0 0.542010 0.503967 0.090000 0.066667
0 0.499845 0.575166 0.083333 0.063333
0 0.290137 0.819190 0.126667 0.063333
0 0.747721 0.637653 0.123333 0.080000
0 0.491707 0.811182 0.170000 0.080000
0 0.676014 0.251472 0.030000 0.033333
0 0.420374 0.404935 0.046667 0.033333
0 0.301764 0.611342 0.043333 0.036667
0 0.435895 0.619380 0.043333 0.030000
0 0.112804 0.633568 0.036667 0.030000
0 0.168605 0.670047 0.036667 0.030000
