0 0.251949 0.528165 0.133333 0.093333
0 0.390647 0.188641 0.170000 0.133333
0 0.698460 0.368937 0.143333 0.093333
0 0.199136 0.204845 0.126667 0.110000
0 0.113246 0.322333 0.070000 0.116667
0 0.239471 0.103846 0.136667 0.120000
0 0.346449 0.064334 0.120000 0.096667
0 0.922398 0.089719 0.256667 0.140000
0 0.600594 0.488381 0.090000 0.066667
0 0.546308 0.550833 0.083333 0.063333
0 0.296123 0.753150 0.126667 0.063333
0 0.778899 0.656893 0.123333 0.080000
0 0.495844 0.781534 0.170000 0.080000
0 0.777836 0.264112 0.030000 0.033333
0 0.498759 0.369082 0.046667 0.033333
0 0.344952 0.550784 0.043333 0.036667
0 0.475448 0.582821 0.043333 0.030000
0 0.155076 0.538654 0.036667 0.030000
0 0.203404 0.584576 0.036667 0.030000
