0 0.179539 0.228547 0.062857 0.070934
0 0.492467 0.126302 0.072857 0.064014
0 0.229827 0.521124 0.094286 0.055363
0 0.333109 0.645370 0.098571 0.062284
0 0.503978 0.704468 0.141429 0.072664
0 0.595816 0.574393 0.161429 0.095156
0 0.681530 0.481350 0.091429 0.074394
0 0.988784 0.453690 0.065714 0.074394
0 0.366313 0.270668 0.101429 0.039792
0 0.644846 0.261505 0.100000 0.072664
0 0.839800 0.685475 0.087143 0.041522
0 0.760162 0.179560 0.045714 0.039792
0 0.456429 0.183804 0.044286 0.025952
0 0.328569 0.121920 0.070000 0.022491
0 0.860926 0.250009 0.067143 0.022491
0 0.393774 0.803840 0.072857 0.027682
0 0.122271 0.732037 0.071429 0.034602
