0 0.771169 0.473605 0.266667 0.090000
0 0.795312 0.604999 0.296667 0.096667
0 0.796819 0.225455 0.243333 0.076667
0 0.792087 0.956212 0.273333 0.073333
0 0.617356 0.842868 0.246667 0.086667
0 0.482998 0.758257 0.113333 0.053333
0 0.378019 0.750697 0.166667 0.073333
0 0.386010 0.397234 0.266667 0.093333
0 0.353979 0.354072 0.160000 0.080000
0 0.211137 0.352729 0.156667 0.083333
0 0.601091 0.217022 0.203333 0.073333
0 0.586668 0.166715 0.200000 0.050000
0 0.720720 0.066717 0.156667 0.023333
0 0.388526 0.880368 0.083333 0.046667
