0 0.961277 0.053870 0.066381 0.192308
0 0.921663 0.549062 0.034261 0.163462
0 0.998750 0.765409 0.077088 0.250000
0 0.730014 0.799062 0.100642 0.163462
0 0.861705 0.068293 0.051392 0.086538
0 0.795324 0.174062 0.059957 0.163462
0 0.846716 0.625986 0.025696 0.221154
0 0.619735 0.587524 0.038544 0.201923
0 0.672198 0.097139 0.023555 0.125000
0 0.499821 0.707716 0.085653 0.115385
0 0.540506 0.150024 0.025696 0.134615
0 0.362776 0.053870 0.038544 0.173077
0 0.362776 0.808678 0.089936 0.125000
0 0.342433 0.606755 0.096360 0.240385
0 0.160421 0.650024 0.040685 0.307692
0 0.086545 0.534639 0.055675 0.153846
0 0.098322 0.183678 0.049251 0.221154
0 0.206459 0.337524 0.025696 0.182692
0 0.268558 0.169255 0.034261 0.134615
0 0.603675 0.332716 0.032120 0.153846
0 0.621877 0.039447 0.038544 0.163462
0 0.458065 0.308678 0.044968 0.144231
0 0.427016 0.116370 0.042827 0.221154
