0 0.127740 0.383996 0.055944 0.130435
0 0.238725 0.374885 0.080420 0.108696
0 0.358073 0.215444 0.097902 0.195652
0 0.272619 0.740479 0.213287 0.119565
0 0.412845 0.532923 0.122378 0.163043
0 0.497057 0.318836 0.066434 0.206522
0 0.564733 0.236147 0.041958 0.130435
0 0.664052 0.370875 0.115385 0.119565
0 0.839400 0.381821 0.157343 0.163043
0 0.585552 0.952697 0.192308 0.130435
0 0.037250 0.792760 0.090909 0.130435
0 0.566085 0.739074 0.125874 0.130435
0 0.602624 0.641220 0.052448 0.152174
0 0.834862 0.577040 0.062937 0.097826
0 0.831018 0.805246 0.041958 0.097826
0 0.887733 0.735528 0.045455 0.097826
0 0.991607 0.456562 0.024476 0.130435
0 0.976632 0.648528 0.034965 0.130435
0 0.969882 0.204001 0.027972 0.076087
