0 0.140623 0.136866 0.066381 0.192308
0 0.180238 0.632059 0.034261 0.163462
0 0.103150 0.848405 0.077088 0.250000
0 0.371886 0.882059 0.100642 0.163462
0 0.240195 0.151290 0.051392 0.086538
0 0.306576 0.257059 0.059957 0.163462
0 0.255184 0.708982 0.025696 0.221154
0 0.482165 0.670520 0.038544 0.201923
0 0.429702 0.180136 0.023555 0.125000
0 0.602079 0.790713 0.085653 0.115385
0 0.561394 0.233020 0.025696 0.134615
0 0.739124 0.136866 0.038544 0.173077
0 0.739124 0.891674 0.089936 0.125000
0 0.759467 0.689751 0.096360 0.240385
0 0.941480 0.733020 0.040685 0.307692
0 0.895441 0.420520 0.025696 0.182692
0 0.833343 0.252251 0.034261 0.134615
0 0.498225 0.415713 0.032120 0.153846
0 0.480024 0.122443 0.038544 0.163462
0 0.643835 0.391674 0.044968 0.144231
0 0.674884 0.199366 0.042827 0.221154
