0 0.659894 0.443590 0.066667 0.043333
0 0.668228 0.528590 0.056667 0.040000
0 0.664894 0.816923 0.050000 0.036667
0 0.696561 0.263590 0.053333 0.036667
0 0.524894 0.108590 0.063333 0.040000
0 0.603228 0.295256 0.053333 0.040000
0 0.593228 0.381923 0.066667 0.046667
0 0.418228 0.273590 0.036667 0.030000
0 0.448228 0.285256 0.043333 0.026667
0 0.409894 0.766923 0.040000 0.043333
0 0.521561 0.668590 0.050000 0.040000
0 0.508228 0.798590 0.036667 0.033333
0 0.566561 0.776923 0.046667 0.036667
0 0.696561 0.930256 0.060000 0.050000
0 0.593228 0.605256 0.046667 0.040000
0 0.614894 0.675256 0.050000 0.040000
0 0.578228 0.631923 0.036667 0.040000
0 0.488228 0.503590 0.043333 0.036667
0 0.506561 0.326923 0.026667 0.023333
0 0.506561 0.345256 0.040000 0.026667
0 0.426561 0.141923 0.033333 0.033333
