0 0.888813 0.099019 0.058824 0.053191
0 0.916877 0.705607 0.023529 0.170213
0 0.846410 0.806658 0.126471 0.191489
0 0.725248 0.700558 0.047059 0.159574
0 0.676812 0.711405 0.044118 0.138298
0 0.590309 0.133892 0.061765 0.138298
0 0.431517 0.153465 0.079412 0.127660
0 0.272451 0.157111 0.055882 0.148936
0 0.630829 0.865595 0.047059 0.085106
0 0.708062 0.901592 0.105882 0.085106
0 0.298761 0.833374 0.155882 0.148936
0 0.482156 0.701704 0.050000 0.095745
0 0.548206 0.686913 0.041176 0.138298
0 0.565806 0.768241 0.055882 0.095745
0 0.086757 0.326601 0.061765 0.127660
0 0.170252 0.211974 0.044118 0.085106
0 0.709031 0.011376 0.038235 0.074468
0 0.142073 0.889781 0.158824 0.170213
0 0.797888 0.209980 0.067647 0.085106
0 0.477816 0.878544 0.035294 0.085106
