0 0.032353 0.196809 0.058824 0.053191
0 0.014706 0.808511 0.023529 0.170213
0 0.086765 0.893617 0.126471 0.191489
0 0.205882 0.760638 0.047059 0.159574
0 0.254412 0.760638 0.044118 0.138298
0 0.330882 0.164894 0.061765 0.138298
0 0.489706 0.148936 0.079412 0.127660
0 0.648529 0.117021 0.055882 0.148936
0 0.302941 0.904255 0.047059 0.085106
0 0.226471 0.957447 0.105882 0.085106
0 0.633824 0.797872 0.155882 0.148936
0 0.448529 0.707447 0.050000 0.095745
0 0.382353 0.707447 0.041176 0.138298
0 0.366176 0.792553 0.055882 0.095745
0 0.836765 0.244681 0.061765 0.127660
0 0.751471 0.148936 0.044118 0.085106
0 0.210294 0.069149 0.038235 0.074468
0 0.791176 0.819149 0.158824 0.170213
0 0.125000 0.287234 0.067647 0.085106
0 0.455882 0.882979 0.035294 0.085106
