0 0.454267 0.093350 0.050000 0.033333
0 0.314267 0.451684 0.096667 0.096667
0 0.360934 0.355017 0.043333 0.036667
0 0.277601 0.360017 0.050000 0.046667
0 0.472601 0.361684 0.053333 0.050000
0 0.560934 0.500017 0.070000 0.066667
0 0.597601 0.515017 0.036667 0.030000
0 0.647601 0.503350 0.043333 0.033333
0 0.075934 0.366684 0.060000 0.053333
0 0.730934 0.211684 0.076667 0.083333
0 0.204267 0.490017 0.043333 0.040000
0 0.130934 0.585017 0.076667 0.096667
0 0.287601 0.573350 0.050000 0.066667
0 0.459267 0.593350 0.060000 0.073333
0 0.359267 0.665017 0.053333 0.050000
0 0.492601 0.286684 0.040000 0.033333
0 0.544267 0.280017 0.036667 0.033333
0 0.400934 0.271684 0.043333 0.043333
0 0.422601 0.203350 0.040000 0.040000
0 0.287601 0.188350 0.050000 0.036667
0 0.354267 0.140017 0.050000 0.026667
0 0.337601 0.093350 0.050000 0.040000
0 0.237601 0.165017 0.050000 0.043333
0 0.159267 0.060017 0.060000 0.040000
0 0.689267 0.036684 0.040000 0.033333
0 0.657601 0.165017 0.036667 0.036667
0 0.217601 0.068350 0.043333 0.050000
0 0.290934 0.131684 0.030000 0.030000
0 0.577601 0.123350 0.030000 0.033333
0 0.807600 0.168350 0.036667 0.043333
0 0.704267 0.325017 0.036667 0.036667
0 0.829267 0.236684 0.046667 0.053333
0 0.830934 0.076684 0.076667 0.093333
0 0.104267 0.766684 0.170000 0.120000
0 0.432601 0.721684 0.040000 0.036667
0 0.462601 0.691684 0.033333 0.030000
0 0.542601 0.663350 0.026667 0.026667
0 0.480934 0.826684 0.036667 0.033333
0 0.672601 0.620017 0.040000 0.040000
0 0.485934 0.895017 0.040000 0.030000
0 0.179267 0.018350 0.053333 0.050000
0 0.132601 0.438350 0.033333 0.030000
0 0.159267 0.413350 0.033333 0.026667
0 0.740934 0.048350 0.043333 0.050000
0 0.775934 0.060017 0.026667 0.026667
0 0.344267 0.770017 0.030000 0.026667
0 0.612601 0.163350 0.053333 0.080000
0 0.169267 0.273350 0.120000 0.146667
0 0.505934 0.710017 0.033333 0.026667
0 0.322601 0.840017 0.040000 0.033333
0 0.375934 0.781684 0.033333 0.030000
0 0.055934 0.893350 0.060000 0.053333
0 0.119267 0.683350 0.020000 0.020000
0 0.089267 0.666684 0.020000 0.020000
0 0.039267 0.683350 0.020000 0.020000
0 0.024267 0.476684 0.090000 0.080000
0 0.382601 0.618350 0.040000 0.030000
0 0.019267 0.563350 0.060000 0.060000
0 0.382601 0.836684 0.100000 0.113333
0 0.329267 0.233350 0.086667 0.093333
0 0.670934 0.126684 0.023333 0.026667
0 0.555934 0.058350 0.033333 0.030000
0 0.727601 0.355017 0.043333 0.070000
0 0.474267 0.488350 0.030000 0.036667
0 0.499267 0.753350 0.053333 0.053333
0 0.515934 0.838350 0.046667 0.043333
0 0.089267 0.236684 0.040000 0.053333
0 0.115934 0.248350 0.026667 0.023333
0 0.199267 0.835017 0.040000 0.030000
0 0.272601 0.915017 0.033333 0.030000
0 0.630934 0.458350 0.063333 0.076667
0 0.159267 0.915017 0.060000 0.030000
0 0.304267 0.908350 0.050000 0.043333
0 0.730934 0.470017 0.056667 0.106667
0 0.037601 0.313350 0.036667 0.026667
0 0.024267 0.373350 0.030000 0.053333
0 0.840934 0.175017 0.023333 0.030000
0 0.570934 0.275017 0.030000 0.023333
0 0.667601 0.356684 0.023333 0.026667
