1 0.475842 0.571218 0.126667 0.180000
1 0.587283 0.401830 0.073333 0.053333
1 0.607646 0.496107 0.100000 0.076667
1 0.791785 0.481732 0.130000 0.090000
1 0.873182 0.617541 0.113333 0.090000
1 0.728353 0.672866 0.116667 0.136667
1 0.767273 0.814313 0.123333 0.116667
1 0.576652 0.874933 0.143333 0.190000
1 0.493397 0.321695 0.156667 0.166667
1 0.338673 0.149780 0.086667 0.103333
1 0.682942 0.239181 0.196667 0.116667
1 0.813969 0.236042 0.103333 0.143333
1 0.813145 0.405197 0.170000 0.166667
1 0.250645 0.013282 0.136667 0.070000
