0 0.503939 0.164335 0.053125 0.087925
0 0.519337 0.316215 0.062500 0.091442
0 0.399033 0.540461 0.053125 0.082063
0 0.579826 0.471505 0.059375 0.084408
0 0.637725 0.149053 0.054688 0.033998
0 0.432870 0.750051 0.076563 0.133646
0 0.386565 0.839202 0.062500 0.070340
0 0.553737 0.796779 0.059375 0.071512
0 0.504428 0.875040 0.048437 0.092614
0 0.575818 0.576804 0.062500 0.069168
0 0.602115 0.624586 0.032812 0.058617
0 0.572009 0.660872 0.040625 0.042204
0 0.633175 0.652133 0.028125 0.063306
0 0.498205 0.085913 0.057813 0.050410
0 0.634760 0.262708 0.062500 0.056272
0 0.698031 0.305507 0.032812 0.057444
0 0.721749 0.324729 0.014062 0.135991
0 0.708425 0.089808 0.029687 0.044549
0 0.687165 0.020043 0.037500 0.062134
0 0.748916 0.022570 0.032812 0.037515
0 0.643970 0.448864 0.048437 0.072685
0 0.646433 0.508107 0.040625 0.060961
0 0.248451 0.901910 0.035937 0.036342
