0 0.776667 0.505000 0.096667 0.074444
0 0.611667 0.470556 0.103333 0.094444
0 0.462917 0.376667 0.089167 0.062222
0 0.497917 0.322778 0.074167 0.074444
0 0.443333 0.305000 0.058333 0.047778
0 0.862083 0.315000 0.054167 0.038889
0 0.775417 0.372222 0.119167 0.062222
0 0.840833 0.531111 0.038333 0.044444
0 0.394167 0.553333 0.071667 0.084444
0 0.192083 0.485000 0.122500 0.065556
0 0.092500 0.515556 0.080000 0.051111
0 0.363750 0.376667 0.077500 0.077778
0 0.294583 0.323333 0.089167 0.117778
0 0.146250 0.367222 0.047500 0.052222
0 0.064583 0.398889 0.080833 0.064444
0 0.660833 0.283889 0.056667 0.025556
0 0.931250 0.338889 0.052500 0.031111
0 0.979167 0.465556 0.040000 0.035556
0 0.937500 0.290000 0.041667 0.026667
0 0.535417 0.530000 0.090833 0.053333
