0 0.500816 0.148657 0.053125 0.087925
0 0.527015 0.299702 0.062500 0.091442
0 0.422862 0.528454 0.053125 0.082063
0 0.598483 0.452344 0.059375 0.084408
0 0.633322 0.128031 0.054688 0.033998
0 0.471586 0.736386 0.076563 0.133646
0 0.431700 0.827268 0.062500 0.070340
0 0.595609 0.778199 0.059375 0.071512
0 0.551948 0.858326 0.048437 0.092614
0 0.601984 0.557653 0.062500 0.069168
0 0.631649 0.604312 0.032812 0.058617
0 0.604171 0.641754 0.040625 0.042204
0 0.664627 0.630573 0.028125 0.063306
0 0.489502 0.070578 0.057813 0.050410
0 0.638460 0.241642 0.062500 0.056272
0 0.704690 0.281842 0.032812 0.057444
0 0.729744 0.300085 0.014062 0.135991
0 0.699698 0.066034 0.029687 0.044549
0 0.660922 0.427162 0.048437 0.072685
0 0.667603 0.486222 0.040625 0.060961
0 0.298252 0.895427 0.035937 0.036342
