1 0.418351 0.568040 0.130000 0.143333
1 0.380770 0.769042 0.153333 0.116667
1 0.469389 0.684078 0.163333 0.100000
1 0.569335 0.625084 0.073333 0.060000
1 0.636878 0.531771 0.080000 0.090000
1 0.533209 0.531957 0.073333 0.066667
1 0.585978 0.477603 0.076667 0.063333
1 0.564634 0.409046 0.150000 0.123333
1 0.701450 0.454942 0.096667 0.100000
1 0.758411 0.347420 0.160000 0.076667
1 0.531611 0.297773 0.080000 0.073333
1 0.640513 0.167597 0.083333 0.090000
1 0.571343 0.175518 0.080000 0.076667
1 0.639066 0.122343 0.093333 0.086667
1 0.541947 0.039453 0.066667 0.056667
