0 0.539473 0.263075 0.053125 0.087925
0 0.569951 0.413668 0.062500 0.091442
0 0.472312 0.644031 0.053125 0.082063
0 0.645734 0.565133 0.059375 0.084408
0 0.671363 0.240337 0.054688 0.033998
0 0.526924 0.851138 0.076563 0.133646
0 0.489626 0.942636 0.062500 0.070340
0 0.652106 0.890961 0.059375 0.071512
0 0.610727 0.971767 0.048437 0.092614
0 0.652222 0.670363 0.062500 0.069168
0 0.683203 0.716538 0.032812 0.058617
0 0.656794 0.754409 0.040625 0.042204
0 0.716919 0.742266 0.028125 0.063306
0 0.525945 0.185194 0.057813 0.050410
0 0.679724 0.353841 0.062500 0.056272
0 0.747079 0.392974 0.032812 0.057444
0 0.772645 0.410812 0.014062 0.135991
0 0.735966 0.177294 0.029687 0.044549
0 0.593455 0.057707 0.040625 0.032825
0 0.707819 0.108916 0.037500 0.062134
0 0.769648 0.107975 0.032812 0.037515
0 0.806884 0.072212 0.012500 0.019930
0 0.707443 0.538960 0.048437 0.072685
0 0.715799 0.597900 0.040625 0.060961
