0 0.795858 0.220347 0.083045 0.097701
0 0.793919 0.337522 0.103806 0.086207
0 0.863456 0.483892 0.128028 0.172414
0 0.654294 0.447284 0.069204 0.178161
0 0.481577 0.423615 0.100346 0.149425
0 0.547326 0.142478 0.065744 0.080460
0 0.675549 0.024303 0.065744 0.091954
0 0.230888 0.188921 0.089965 0.132184
0 0.324540 0.313841 0.048443 0.097701
0 0.286843 0.458699 0.048443 0.086207
0 0.493046 0.653590 0.096886 0.114943
0 0.499784 0.820772 0.076125 0.103448
0 0.687747 0.805110 0.069204 0.178161
0 0.803399 0.667193 0.076125 0.109195
0 0.832939 0.851201 0.034602 0.074713
0 0.112178 0.450163 0.065744 0.109195
0 0.074112 0.268584 0.034602 0.086207
0 0.205354 0.706419 0.100346 0.149425
0 0.239475 0.900784 0.114187 0.172414
0 0.388211 0.794256 0.076125 0.114943
0 0.188778 0.579943 0.072664 0.109195
0 0.453248 0.166372 0.048443 0.074713
0 0.092810 0.143718 0.048443 0.045977
