0 0.510655 0.512671 0.100000 0.056667
0 0.771757 0.075600 0.123333 0.080000
0 0.840828 0.163784 0.066667 0.040000
0 0.908749 0.182656 0.060000 0.043333
0 0.211643 0.768546 0.066667 0.040000
0 0.535345 0.363018 0.110000 0.066667
0 0.462610 0.353524 0.050000 0.030000
0 0.291815 0.477346 0.063333 0.033333
0 0.198758 0.095441 0.043333 0.033333
0 0.750271 0.500602 0.056667 0.026667
0 0.445534 0.585287 0.080000 0.033333
0 0.449070 0.496460 0.046667 0.023333
0 0.359697 0.189316 0.050000 0.030000
0 0.188006 0.242178 0.060000 0.026667
0 0.130614 0.319354 0.043333 0.030000
0 0.100200 0.297816 0.036667 0.023333
0 0.162568 0.484459 0.043333 0.026667
0 0.510428 0.711613 0.066667 0.030000
0 0.168821 0.827727 0.073333 0.036667
0 0.365873 0.917035 0.063333 0.026667
0 0.342040 0.830746 0.050000 0.023333
0 0.062505 0.806326 0.056667 0.026667
0 0.056385 0.517038 0.096667 0.036667
0 0.040794 0.475858 0.053333 0.026667
0 0.659609 0.026322 0.033333 0.023333
0 0.177226 0.169698 0.043333 0.026667
0 0.355267 0.229104 0.040000 0.023333
0 0.382637 0.226567 0.026667 0.023333
0 0.206135 0.310728 0.043333 0.016667
0 0.269462 0.074271 0.023333 0.016667
0 0.294570 0.218088 0.036667 0.020000
0 0.922062 0.238662 0.050000 0.023333
0 0.089437 0.356867 0.040000 0.023333
0 0.831231 0.423676 0.073333 0.036667
0 0.800934 0.324590 0.056667 0.036667
0 0.734412 0.351462 0.033333 0.023333
0 0.714778 0.402403 0.043333 0.030000
0 0.579174 0.253405 0.043333 0.030000
0 0.744282 0.243373 0.040000 0.026667
0 0.524516 0.894206 0.070000 0.033333
0 0.023828 0.586228 0.053333 0.056667
0 0.356539 0.264711 0.033333 0.026667
0 0.429021 0.275853 0.040000 0.020000
0 0.293641 0.882325 0.076667 0.033333
0 0.639260 0.432951 0.070000 0.033333
0 0.101022 0.775149 0.050000 0.033333
0 0.399150 0.536001 0.046667 0.030000
0 0.260118 0.332516 0.043333 0.023333
0 0.248442 0.189076 0.056667 0.030000
0 0.613597 0.896095 0.073333 0.030000
