0 0.254229 0.665755 0.139323 0.064202
0 0.299151 0.737740 0.101562 0.060311
0 0.140948 0.558752 0.235677 0.079767
0 0.432614 0.716339 0.141927 0.087549
0 0.400713 0.483849 0.166667 0.140078
0 0.685219 0.404082 0.136719 0.108949
0 0.648109 0.518868 0.145833 0.112840
0 0.842771 0.455639 0.196615 0.114786
0 0.761390 0.659919 0.294271 0.087549
0 0.135088 0.642409 0.088542 0.064202
0 0.120114 0.738713 0.180990 0.062257
0 0.015948 0.673537 0.050781 0.040856
0 0.708005 0.601553 0.070312 0.056420
0 0.024411 0.429374 0.054688 0.042802
0 0.366208 0.418674 0.074219 0.060311
0 0.480140 0.385600 0.083333 0.033074
0 0.926755 0.609335 0.065104 0.091440
0 0.529620 0.691047 0.052083 0.068093
0 0.502927 0.580152 0.055990 0.040856
