1 0.760251 0.154884 0.126667 0.126667
1 0.671413 0.578623 0.140000 0.163333
1 0.694497 0.749707 0.083333 0.076667
1 0.876662 0.860847 0.100000 0.183333
1 0.854303 0.748684 0.100000 0.106667
1 0.912349 0.638596 0.093333 0.140000
1 0.910249 0.487053 0.123333 0.146667
1 0.894426 0.350530 0.103333 0.106667
1 0.517024 0.176970 0.096667 0.133333
1 0.468351 0.589136 0.093333 0.183333
1 0.413904 0.761882 0.076667 0.100000
1 0.405446 0.955748 0.150000 0.146667
1 0.352783 0.353895 0.070000 0.093333
1 0.371886 0.258900 0.083333 0.086667
1 0.367420 0.164196 0.096667 0.120000
1 0.242758 0.875719 0.073333 0.223333
1 0.140340 0.655638 0.086667 0.140000
