0 0.494182 0.078696 0.030000 0.043333
0 0.444182 0.310363 0.070000 0.100000
0 0.487516 0.250363 0.030000 0.040000
0 0.427516 0.138696 0.030000 0.050000
0 0.475849 0.150363 0.053333 0.100000
0 0.340849 0.120363 0.036667 0.046667
0 0.364182 0.030363 0.030000 0.046667
0 0.277516 0.058696 0.043333 0.070000
0 0.219182 0.115363 0.026667 0.030000
0 0.289182 0.183696 0.033333 0.033333
0 0.390849 0.102029 0.023333 0.036667
0 0.284182 0.132029 0.023333 0.030000
0 0.300849 0.268696 0.023333 0.030000
0 0.329182 0.238696 0.033333 0.063333
0 0.437516 0.417029 0.030000 0.033333
0 0.380849 0.438696 0.023333 0.036667
0 0.374182 0.290363 0.023333 0.033333
0 0.407516 0.272029 0.023333 0.036667
0 0.359182 0.230363 0.020000 0.033333
0 0.290849 0.328696 0.030000 0.030000
0 0.355849 0.347029 0.020000 0.026667
0 0.250849 0.275363 0.030000 0.056667
0 0.254182 0.327029 0.023333 0.026667
0 0.347516 0.460363 0.043333 0.093333
0 0.294182 0.423696 0.050000 0.080000
0 0.280849 0.482029 0.043333 0.070000
0 0.519182 0.537029 0.066667 0.100000
0 0.334182 0.778696 0.043333 0.070000
0 0.329182 0.638696 0.040000 0.050000
0 0.324182 0.677029 0.023333 0.026667
0 0.302516 0.603696 0.033333 0.060000
0 0.287516 0.645363 0.030000 0.050000
0 0.267516 0.617029 0.043333 0.060000
0 0.389182 0.582029 0.026667 0.030000
0 0.442516 0.583696 0.033333 0.046667
0 0.412516 0.615363 0.026667 0.030000
0 0.407516 0.650363 0.030000 0.026667
0 0.410849 0.677029 0.030000 0.033333
0 0.409182 0.708696 0.033333 0.030000
0 0.405849 0.755363 0.033333 0.050000
0 0.375849 0.753696 0.033333 0.026667
0 0.377516 0.777029 0.030000 0.026667
0 0.280849 0.362029 0.030000 0.030000
0 0.457516 0.380363 0.023333 0.026667
0 0.392516 0.215363 0.026667 0.030000
0 0.484182 0.825363 0.050000 0.096667
0 0.449182 0.728696 0.053333 0.136667
0 0.400849 0.845363 0.036667 0.050000
0 0.615849 0.768696 0.026667 0.036667
0 0.594182 0.765363 0.023333 0.030000
0 0.562516 0.668696 0.020000 0.023333
0 0.522516 0.670363 0.020000 0.020000
0 0.539182 0.733696 0.026667 0.026667
0 0.595849 0.595363 0.033333 0.030000
0 0.555849 0.552029 0.026667 0.030000
0 0.534182 0.837029 0.023333 0.033333
0 0.567516 0.835363 0.030000 0.030000
0 0.412516 0.915363 0.040000 0.016667
0 0.385849 0.905363 0.026667 0.036667
0 0.349182 0.823696 0.040000 0.033333
0 0.357516 0.865363 0.050000 0.063333
0 0.587516 0.870363 0.023333 0.033333
0 0.514182 0.808696 0.023333 0.023333
0 0.437516 0.825363 0.023333 0.023333
0 0.505849 0.728696 0.040000 0.030000
0 0.495849 0.705363 0.026667 0.030000
0 0.609182 0.893696 0.040000 0.040000
0 0.605849 0.913696 0.040000 0.020000
0 0.447516 0.872029 0.023333 0.023333
0 0.442516 0.892029 0.046667 0.030000
0 0.367516 0.643696 0.023333 0.033333
0 0.340849 0.560363 0.063333 0.080000
0 0.547516 0.480363 0.023333 0.026667
0 0.519182 0.473696 0.026667 0.033333
0 0.485849 0.423696 0.026667 0.033333
0 0.475849 0.448696 0.020000 0.030000
0 0.462516 0.470363 0.026667 0.046667
0 0.442516 0.463696 0.020000 0.040000
0 0.417516 0.472029 0.023333 0.056667
0 0.447516 0.500363 0.030000 0.040000
0 0.440849 0.537029 0.030000 0.053333
0 0.497516 0.383696 0.050000 0.100000
0 0.412516 0.412029 0.020000 0.030000
0 0.325849 0.308696 0.026667 0.030000
0 0.317516 0.345363 0.023333 0.023333
0 0.242516 0.177029 0.026667 0.033333
0 0.310849 0.843696 0.023333 0.026667
0 0.300849 0.753696 0.023333 0.033333
0 0.227516 0.290363 0.043333 0.166667
