0 0.245373 0.249086 0.253333 0.153333
0 0.291702 0.187796 0.060000 0.036667
0 0.195697 0.527657 0.073333 0.070000
0 0.423227 0.670639 0.096667 0.070000
0 0.299911 0.783414 0.063333 0.040000
0 0.591088 0.413194 0.110000 0.103333
0 0.599413 0.603041 0.130000 0.096667
0 0.764036 0.754898 0.073333 0.046667
0 0.931058 0.701220 0.073333 0.046667
0 0.885463 0.855974 0.110000 0.050000
0 0.026207 0.160694 0.093333 0.050000
0 0.906175 0.241882 0.060000 0.053333
0 0.647176 0.266144 0.033333 0.030000
0 0.458975 0.192547 0.053333 0.040000
0 0.553137 0.121639 0.063333 0.043333
0 0.332219 0.412401 0.266667 0.170000
