0 0.105790 0.598316 0.055944 0.130435
0 0.215930 0.554838 0.080420 0.108696
0 0.329566 0.359186 0.097902 0.195652
0 0.261384 0.908099 0.213287 0.119565
0 0.394251 0.658099 0.122378 0.163043
0 0.471174 0.418968 0.066434 0.206522
0 0.535860 0.315707 0.041958 0.130435
0 0.639007 0.418968 0.115385 0.119565
0 0.813832 0.375490 0.157343 0.163043
0 0.553342 0.815708 0.125874 0.130435
0 0.586559 0.707012 0.052448 0.152174
0 0.815580 0.571142 0.062937 0.097826
0 0.819077 0.799403 0.041958 0.097826
0 0.873272 0.712447 0.045455 0.097826
0 0.967678 0.402664 0.024476 0.130435
0 0.958937 0.598316 0.034965 0.130435
0 0.964181 0.984186 0.031469 0.119565
0 0.937958 0.158099 0.027972 0.076087
