0 0.106710 0.090242 0.051114 0.134328
0 0.203041 0.381287 0.041940 0.111940
0 0.224666 0.636884 0.064220 0.123134
0 0.280367 0.595839 0.049803 0.115672
0 0.365557 0.217108 0.057667 0.111940
0 0.418637 0.213376 0.045872 0.097015
0 0.478925 0.237630 0.051114 0.130597
0 0.619161 0.668600 0.058978 0.067164
0 0.578532 0.761884 0.032765 0.074627
0 0.427156 0.120093 0.044561 0.089552
0 0.549043 0.448451 0.070773 0.074627
0 0.605400 0.258152 0.057667 0.111940
0 0.493997 0.047332 0.031455 0.070896
0 0.670931 0.232033 0.041940 0.126866
0 0.635544 0.166735 0.036697 0.078358
0 0.762674 0.233899 0.055046 0.130597
0 0.742359 0.394346 0.064220 0.152985
0 0.716147 0.547332 0.045872 0.115672
0 0.822307 0.120093 0.061599 0.126866
0 0.884561 0.280541 0.057667 0.082090
0 0.967785 0.237630 0.040629 0.100746
0 0.909463 0.398078 0.144168 0.130597
0 0.912739 0.582779 0.085190 0.134328
0 0.760708 0.812257 0.098296 0.085821
0 0.914050 0.804794 0.061599 0.130597
0 0.959921 0.868227 0.048493 0.100746
0 0.360315 0.735764 0.102228 0.082090
