0 0.382447 0.590491 0.206667 0.100000
0 0.452447 0.710491 0.120000 0.053333
0 0.364114 0.728824 0.103333 0.043333
0 0.647447 0.735491 0.143333 0.043333
0 0.277447 0.252158 0.196667 0.090000
0 0.367447 0.115491 0.183333 0.063333
0 0.559114 0.135491 0.146667 0.116667
0 0.887447 0.462158 0.136667 0.083333
0 0.735781 0.490491 0.073333 0.046667
0 0.765781 0.602158 0.060000 0.036667
0 0.137447 0.392158 0.090000 0.083333
0 0.185781 0.470491 0.040000 0.033333
0 0.772447 0.652158 0.080000 0.063333
0 0.889114 0.798824 0.073333 0.076667
