0 0.611342 0.202627 0.170000 0.090000
0 0.546122 0.443353 0.156667 0.093333
0 0.424065 0.487504 0.133333 0.080000
0 0.882443 0.766617 0.063333 0.040000
0 0.587704 0.533454 0.053333 0.040000
0 0.539021 0.579876 0.090000 0.073333
0 0.303760 0.749090 0.106667 0.066667
0 0.068347 0.548882 0.146667 0.103333
0 0.272795 0.367282 0.153333 0.096667
0 0.162807 0.231830 0.133333 0.116667
0 0.150875 0.125610 0.133333 0.146667
0 0.061247 0.073622 0.060000 0.130000
0 0.600534 0.955663 0.170000 0.080000
0 0.378859 0.903602 0.060000 0.036667
