0 0.944188 0.376630 0.017188 0.032941
0 0.916113 0.306845 0.015625 0.030588
0 0.921535 0.256976 0.014062 0.030588
0 0.886057 0.224249 0.010937 0.021176
0 0.723968 0.411675 0.025000 0.037647
0 0.899101 0.819294 0.039062 0.025882
0 0.779273 0.790416 0.039062 0.025882
0 0.840463 0.820073 0.015625 0.018824
0 0.837584 0.707209 0.020312 0.032941
0 0.795194 0.581939 0.009375 0.030588
0 0.737535 0.781707 0.028125 0.021176
0 0.713836 0.702177 0.032812 0.023529
0 0.673663 0.789939 0.018750 0.018824
0 0.692485 0.767353 0.023438 0.014118
0 0.659445 0.761538 0.026563 0.016471
0 0.801348 0.747567 0.020312 0.018824
0 0.641230 0.754633 0.015625 0.018824
0 0.729485 0.798790 0.014062 0.021176
0 0.666997 0.680887 0.025000 0.030588
0 0.746450 0.960088 0.012500 0.025882
0 0.725242 0.836794 0.009375 0.021176
0 0.869864 0.737815 0.010937 0.023529
0 0.967030 0.453868 0.023438 0.035294
0 0.746277 0.930654 0.014062 0.028235
0 0.723170 0.893484 0.010937 0.016471
0 0.585922 0.737500 0.028125 0.018824
0 0.519017 0.579874 0.020312 0.014118
0 0.530780 0.604922 0.017188 0.018824
0 0.608161 0.940814 0.025000 0.023529
0 0.542738 0.732431 0.023438 0.021176
0 0.499668 0.730888 0.034375 0.035294
0 0.431836 0.713498 0.025000 0.032941
0 0.392477 0.705792 0.025000 0.025882
0 0.360237 0.724654 0.025000 0.025882
0 0.567411 0.914364 0.035937 0.025882
0 0.652210 0.273253 0.025000 0.028235
0 0.447853 0.532105 0.056250 0.044706
0 0.402603 0.728604 0.025000 0.030588
0 0.504679 0.861263 0.029687 0.028235
0 0.527042 0.441473 0.026563 0.040000
