0 0.811667 0.055000 0.050000 0.043333
0 0.545000 0.163333 0.050000 0.033333
0 0.405000 0.521667 0.096667 0.096667
0 0.451667 0.425000 0.043333 0.036667
0 0.368333 0.430000 0.050000 0.046667
0 0.563333 0.431667 0.053333 0.050000
0 0.651667 0.570000 0.070000 0.066667
0 0.688333 0.585000 0.036667 0.030000
0 0.738333 0.573333 0.043333 0.033333
0 0.166667 0.436667 0.060000 0.053333
0 0.821667 0.281667 0.076667 0.083333
0 0.295000 0.560000 0.043333 0.040000
0 0.058333 0.721667 0.043333 0.050000
0 0.221667 0.655000 0.076667 0.096667
0 0.378333 0.643333 0.050000 0.066667
0 0.550000 0.663333 0.060000 0.073333
0 0.450000 0.735000 0.053333 0.050000
0 0.583333 0.356667 0.040000 0.033333
0 0.635000 0.350000 0.036667 0.033333
0 0.491667 0.341667 0.043333 0.043333
0 0.513333 0.273333 0.040000 0.040000
0 0.378333 0.258333 0.050000 0.036667
0 0.445000 0.210000 0.050000 0.026667
0 0.428333 0.163333 0.050000 0.040000
0 0.328333 0.235000 0.050000 0.043333
0 0.250000 0.130000 0.060000 0.040000
0 0.780000 0.106667 0.040000 0.033333
0 0.748333 0.235000 0.036667 0.036667
0 0.311667 0.066667 0.036667 0.033333
0 0.308333 0.138333 0.043333 0.050000
0 0.381667 0.201667 0.030000 0.030000
0 0.668333 0.193333 0.030000 0.033333
0 0.898333 0.238333 0.036667 0.043333
0 0.795000 0.395000 0.036667 0.036667
0 0.920000 0.306667 0.046667 0.053333
0 0.921667 0.146667 0.076667 0.093333
0 0.195000 0.836667 0.170000 0.120000
0 0.523333 0.791667 0.040000 0.036667
0 0.553333 0.761667 0.033333 0.030000
0 0.633333 0.733333 0.026667 0.026667
0 0.571667 0.896667 0.036667 0.033333
0 0.763333 0.690000 0.040000 0.040000
0 0.576667 0.965000 0.040000 0.030000
0 0.270000 0.088333 0.053333 0.050000
0 0.223333 0.508333 0.033333 0.030000
0 0.250000 0.483333 0.033333 0.026667
0 0.333333 0.020000 0.033333 0.033333
0 0.831667 0.118333 0.043333 0.050000
0 0.866667 0.130000 0.026667 0.026667
0 0.435000 0.840000 0.030000 0.026667
0 0.703333 0.233333 0.053333 0.080000
0 0.260000 0.343333 0.120000 0.146667
0 0.596667 0.780000 0.033333 0.026667
0 0.413333 0.910000 0.040000 0.033333
0 0.466667 0.851667 0.033333 0.030000
0 0.146667 0.963333 0.060000 0.053333
0 0.071667 0.866667 0.030000 0.026667
0 0.210000 0.753333 0.020000 0.020000
0 0.180000 0.736667 0.020000 0.020000
0 0.130000 0.753333 0.020000 0.020000
0 0.115000 0.546667 0.090000 0.080000
0 0.473333 0.688333 0.040000 0.030000
0 0.110000 0.633333 0.060000 0.060000
0 0.473333 0.906667 0.100000 0.113333
0 0.420000 0.303333 0.086667 0.093333
0 0.761667 0.196667 0.023333 0.026667
0 0.646667 0.128333 0.033333 0.030000
0 0.818333 0.425000 0.043333 0.070000
0 0.565000 0.558333 0.030000 0.036667
0 0.590000 0.823333 0.053333 0.053333
0 0.606667 0.908333 0.046667 0.043333
0 0.180000 0.306667 0.040000 0.053333
0 0.206667 0.318333 0.026667 0.023333
0 0.290000 0.905000 0.040000 0.030000
0 0.363333 0.985000 0.033333 0.030000
0 0.721667 0.528333 0.063333 0.076667
0 0.250000 0.985000 0.060000 0.030000
0 0.395000 0.978333 0.050000 0.043333
0 0.821667 0.540000 0.056667 0.106667
0 0.128333 0.383333 0.036667 0.026667
0 0.115000 0.443333 0.030000 0.053333
0 0.931667 0.245000 0.023333 0.030000
0 0.661667 0.345000 0.030000 0.023333
0 0.758333 0.426667 0.023333 0.026667
