0 0.931113 0.575655 0.041940 0.111940
0 0.899623 0.822805 0.064220 0.123134
0 0.845874 0.764354 0.049803 0.115672
0 0.776030 0.360967 0.057667 0.111940
0 0.723426 0.340428 0.045872 0.097015
0 0.662564 0.345414 0.051114 0.130597
0 0.506342 0.729237 0.058978 0.067164
0 0.543069 0.834823 0.032765 0.074627
0 0.718610 0.245023 0.044561 0.089552
0 0.584635 0.532691 0.070773 0.074627
0 0.536074 0.325706 0.057667 0.111940
0 0.655030 0.151521 0.031455 0.070896
0 0.471973 0.278971 0.041940 0.126866
0 0.509693 0.225299 0.036697 0.078358
0 0.380727 0.251735 0.055046 0.130597
0 0.394639 0.417626 0.064220 0.152985
0 0.414703 0.577971 0.045872 0.115672
0 0.325917 0.119729 0.061599 0.126866
0 0.257774 0.259438 0.057667 0.082090
0 0.176746 0.190406 0.040629 0.100746
0 0.228429 0.368349 0.144168 0.130597
0 0.217947 0.550862 0.085190 0.134328
0 0.360056 0.827118 0.098296 0.085821
0 0.207960 0.771080 0.061599 0.130597
0 0.101675 0.271585 0.041940 0.070896
0 0.159892 0.819573 0.048493 0.100746
0 0.069085 0.563440 0.026212 0.111940
0 0.760950 0.878059 0.102228 0.082090
