0 0.292700 0.669026 0.133333 0.093333
0 0.392363 0.316066 0.170000 0.133333
0 0.718488 0.460628 0.143333 0.093333
0 0.203887 0.353690 0.126667 0.110000
0 0.131744 0.480086 0.070000 0.116667
0 0.232615 0.248797 0.136667 0.120000
0 0.334476 0.197514 0.120000 0.096667
0 0.909629 0.158013 0.256667 0.140000
0 0.634665 0.590314 0.090000 0.066667
0 0.587742 0.658471 0.083333 0.063333
0 0.361877 0.887622 0.126667 0.063333
0 0.830778 0.737720 0.123333 0.080000
0 0.563524 0.893381 0.170000 0.080000
0 0.785581 0.347547 0.030000 0.033333
0 0.520068 0.483215 0.046667 0.033333
0 0.387655 0.681051 0.043333 0.036667
0 0.520925 0.698219 0.043333 0.030000
0 0.197619 0.690335 0.036667 0.030000
0 0.250801 0.730536 0.036667 0.030000
