1 0.718915 0.134293 0.130000 0.080000
1 0.605582 0.189293 0.110000 0.130000
1 0.677248 0.257626 0.166667 0.126667
1 0.567248 0.334293 0.080000 0.106667
1 0.553915 0.429293 0.093333 0.096667
1 0.648915 0.475960 0.163333 0.230000
1 0.585582 0.547626 0.063333 0.086667
1 0.542248 0.507626 0.076667 0.100000
1 0.525582 0.614293 0.083333 0.086667
1 0.368915 0.730960 0.063333 0.080000
1 0.295582 0.707626 0.143333 0.160000
1 0.368915 0.830960 0.156667 0.153333
1 0.327248 0.462626 0.133333 0.110000
1 0.755582 0.014293 0.130000 0.100000
