0 0.587672 0.642338 0.100000 0.056667
0 0.755347 0.161620 0.123333 0.080000
0 0.840771 0.234077 0.066667 0.040000
0 0.911101 0.238876 0.060000 0.043333
0 0.346351 0.953216 0.066667 0.040000
0 0.581700 0.490780 0.110000 0.066667
0 0.508544 0.496137 0.050000 0.030000
0 0.366202 0.651834 0.063333 0.033333
0 0.198099 0.296514 0.043333 0.033333
0 0.819940 0.582234 0.056667 0.026667
0 0.538518 0.726587 0.080000 0.033333
0 0.524083 0.638869 0.046667 0.023333
0 0.374653 0.356034 0.050000 0.030000
0 0.217135 0.442407 0.060000 0.026667
0 0.176472 0.529565 0.043333 0.030000
0 0.142342 0.514598 0.036667 0.023333
0 0.241039 0.684845 0.043333 0.026667
0 0.627535 0.837245 0.066667 0.030000
0 0.486607 0.987865 0.050000 0.023333
0 0.143599 0.738151 0.096667 0.036667
0 0.120030 0.700958 0.053333 0.026667
0 0.635570 0.135951 0.033333 0.023333
0 0.191972 0.373587 0.043333 0.026667
0 0.378332 0.395899 0.040000 0.023333
0 0.404629 0.387898 0.026667 0.023333
0 0.248705 0.505898 0.043333 0.016667
0 0.263087 0.261531 0.023333 0.016667
0 0.316659 0.397339 0.036667 0.020000
0 0.935426 0.291051 0.050000 0.023333
0 0.143698 0.574606 0.040000 0.023333
0 0.883739 0.490573 0.073333 0.036667
0 0.834097 0.399623 0.056667 0.036667
0 0.774355 0.439348 0.033333 0.023333
0 0.765388 0.493201 0.043333 0.030000
0 0.602543 0.374583 0.043333 0.030000
0 0.762242 0.331488 0.040000 0.026667
0 0.125652 0.812483 0.053333 0.056667
0 0.386752 0.430519 0.033333 0.026667
0 0.459992 0.426827 0.040000 0.020000
0 0.697575 0.538340 0.070000 0.033333
0 0.239330 0.981974 0.050000 0.033333
0 0.483154 0.687658 0.046667 0.030000
0 0.305972 0.516362 0.043333 0.023333
0 0.265632 0.378218 0.056667 0.030000
