0 0.472962 0.058954 0.030000 0.033333
0 0.409629 0.193954 0.030000 0.043333
0 0.459629 0.425621 0.070000 0.100000
0 0.416295 0.365621 0.030000 0.040000
0 0.476295 0.253954 0.030000 0.050000
0 0.427962 0.265621 0.053333 0.100000
0 0.562962 0.235621 0.036667 0.046667
0 0.539629 0.145621 0.030000 0.046667
0 0.626295 0.173954 0.043333 0.070000
0 0.526295 0.090621 0.023333 0.023333
0 0.546295 0.095621 0.023333 0.026667
0 0.601295 0.107287 0.033333 0.050000
0 0.647962 0.102287 0.033333 0.053333
0 0.682962 0.062287 0.030000 0.033333
0 0.684629 0.230621 0.026667 0.030000
0 0.614629 0.298954 0.033333 0.033333
0 0.512962 0.217287 0.023333 0.036667
0 0.619629 0.247287 0.023333 0.030000
0 0.602962 0.383954 0.023333 0.030000
0 0.574629 0.353954 0.033333 0.063333
0 0.466295 0.532287 0.030000 0.033333
0 0.522962 0.553954 0.023333 0.036667
0 0.529629 0.405621 0.023333 0.033333
0 0.496295 0.387287 0.023333 0.036667
0 0.544629 0.345621 0.020000 0.033333
0 0.612962 0.443954 0.030000 0.030000
0 0.547962 0.462287 0.020000 0.026667
0 0.652962 0.390621 0.030000 0.056667
0 0.649629 0.442287 0.023333 0.026667
0 0.556295 0.575621 0.043333 0.093333
0 0.609629 0.538954 0.050000 0.080000
0 0.622962 0.597287 0.043333 0.070000
0 0.384629 0.652287 0.066667 0.100000
0 0.569629 0.893954 0.043333 0.070000
0 0.574629 0.753954 0.040000 0.050000
0 0.579629 0.792287 0.023333 0.026667
0 0.601295 0.718954 0.033333 0.060000
0 0.616295 0.760621 0.030000 0.050000
0 0.636295 0.732287 0.043333 0.060000
0 0.514629 0.697287 0.026667 0.030000
0 0.461295 0.698954 0.033333 0.046667
0 0.491295 0.730621 0.026667 0.030000
0 0.496295 0.765621 0.030000 0.026667
0 0.492962 0.792287 0.030000 0.033333
0 0.494629 0.823954 0.033333 0.030000
0 0.497962 0.870621 0.033333 0.050000
0 0.527962 0.868954 0.033333 0.026667
0 0.526295 0.892287 0.030000 0.026667
0 0.622962 0.477287 0.030000 0.030000
0 0.446295 0.495621 0.023333 0.026667
0 0.511295 0.330621 0.026667 0.030000
0 0.384629 0.105621 0.026667 0.033333
0 0.419629 0.940621 0.050000 0.096667
0 0.454629 0.843954 0.053333 0.136667
0 0.502962 0.960621 0.036667 0.050000
0 0.287962 0.883954 0.026667 0.036667
0 0.309629 0.880621 0.023333 0.030000
0 0.341295 0.783954 0.020000 0.023333
0 0.381295 0.785621 0.020000 0.020000
0 0.364629 0.848954 0.026667 0.026667
0 0.307962 0.710621 0.033333 0.030000
0 0.347962 0.667287 0.026667 0.030000
0 0.369629 0.952287 0.023333 0.033333
0 0.336295 0.950621 0.030000 0.030000
0 0.554629 0.938954 0.040000 0.033333
0 0.546295 0.980621 0.050000 0.063333
0 0.316295 0.985621 0.023333 0.033333
0 0.389629 0.923954 0.023333 0.023333
0 0.466295 0.940621 0.023333 0.023333
0 0.397962 0.843954 0.040000 0.030000
0 0.407962 0.820621 0.026667 0.030000
0 0.456295 0.987287 0.023333 0.023333
0 0.536295 0.758954 0.023333 0.033333
0 0.562962 0.675621 0.063333 0.080000
0 0.356295 0.595621 0.023333 0.026667
0 0.384629 0.588954 0.026667 0.033333
0 0.417962 0.538954 0.026667 0.033333
0 0.427962 0.563954 0.020000 0.030000
0 0.441295 0.585621 0.026667 0.046667
0 0.461295 0.578954 0.020000 0.040000
0 0.486295 0.587287 0.023333 0.056667
0 0.456295 0.615621 0.030000 0.040000
0 0.462962 0.652287 0.030000 0.053333
0 0.406295 0.498954 0.050000 0.100000
0 0.491295 0.527287 0.020000 0.030000
0 0.577962 0.423954 0.026667 0.030000
0 0.586295 0.460621 0.023333 0.023333
0 0.661295 0.292287 0.026667 0.033333
0 0.592962 0.958954 0.023333 0.026667
0 0.602962 0.868954 0.023333 0.033333
0 0.676295 0.405621 0.043333 0.166667
