0 0.541942 0.364140 0.174316 0.173832
0 0.675857 0.601813 0.155273 0.115888
0 0.805490 0.599046 0.094727 0.102804
0 0.275252 0.150060 0.130859 0.140187
0 0.310210 0.318633 0.160156 0.103738
0 0.120414 0.187059 0.205566 0.132710
0 0.934460 0.384786 0.059082 0.066355
0 0.802395 0.733809 0.187012 0.079439
0 0.508113 0.630314 0.152344 0.108411
0 0.243777 0.380523 0.095215 0.086916
0 0.483721 0.186878 0.084961 0.055140
0 0.118737 0.396923 0.172852 0.101869
0 0.258863 0.497908 0.128906 0.084112
0 0.020195 0.369069 0.075195 0.193458
0 0.399319 0.560702 0.046387 0.091589
0 0.795034 0.494832 0.213867 0.084112
0 0.594171 0.263591 0.081055 0.094393
