0 0.732492 0.212336 0.083045 0.097701
0 0.718651 0.327279 0.103806 0.086207
0 0.772285 0.491072 0.128028 0.172414
0 0.569862 0.396244 0.069204 0.178161
0 0.402042 0.324405 0.100346 0.149425
0 0.495468 0.065785 0.065744 0.080460
0 0.178859 0.022681 0.089965 0.132184
0 0.258444 0.172106 0.048443 0.097701
0 0.206541 0.304290 0.048443 0.086207
0 0.389932 0.554290 0.096886 0.114943
0 0.379551 0.720957 0.076125 0.103448
0 0.566402 0.758313 0.069204 0.178161
0 0.694430 0.654865 0.076125 0.109195
0 0.704811 0.844520 0.034602 0.074713
0 0.035260 0.246819 0.065744 0.109195
0 0.016229 0.057164 0.034602 0.086207
0 0.101004 0.525555 0.100346 0.149425
0 0.114845 0.726704 0.114187 0.172414
0 0.272285 0.663486 0.076125 0.114943
0 0.097544 0.396244 0.072664 0.109195
0 0.400312 0.062911 0.048443 0.074713
