0 0.078158 0.105769 0.066381 0.192308
0 0.117773 0.600962 0.034261 0.163462
0 0.040685 0.817308 0.077088 0.250000
0 0.309422 0.850962 0.100642 0.163462
0 0.177730 0.120192 0.051392 0.086538
0 0.244111 0.225962 0.059957 0.163462
0 0.192719 0.677885 0.025696 0.221154
0 0.419700 0.639423 0.038544 0.201923
0 0.367238 0.149038 0.023555 0.125000
0 0.539615 0.759615 0.085653 0.115385
0 0.498929 0.201923 0.025696 0.134615
0 0.676660 0.105769 0.038544 0.173077
0 0.676660 0.860577 0.089936 0.125000
0 0.697002 0.658654 0.096360 0.240385
0 0.879015 0.701923 0.040685 0.307692
0 0.952891 0.586538 0.055675 0.153846
0 0.941113 0.235577 0.049251 0.221154
0 0.832976 0.389423 0.025696 0.182692
0 0.770878 0.221154 0.034261 0.134615
0 0.435760 0.384615 0.032120 0.153846
0 0.417559 0.091346 0.038544 0.163462
0 0.581370 0.360577 0.044968 0.144231
0 0.612420 0.168269 0.042827 0.221154
