0 0.561543 0.047395 0.030000 0.033333
0 0.497347 0.181987 0.030000 0.043333
0 0.545865 0.413968 0.070000 0.100000
0 0.502916 0.353693 0.030000 0.040000
0 0.563629 0.242412 0.030000 0.050000
0 0.515222 0.253769 0.053333 0.100000
0 0.650411 0.224633 0.036667 0.046667
0 0.627654 0.134486 0.030000 0.046667
0 0.714137 0.163373 0.043333 0.070000
0 0.614672 0.079402 0.023333 0.023333
0 0.634640 0.084529 0.023333 0.026667
0 0.689564 0.096547 0.033333 0.050000
0 0.736262 0.091846 0.033333 0.053333
0 0.771517 0.052071 0.030000 0.033333
0 0.772107 0.220411 0.026667 0.030000
0 0.701672 0.288295 0.033333 0.033333
0 0.600529 0.205980 0.023333 0.036667
0 0.707002 0.236662 0.023333 0.030000
0 0.689462 0.373219 0.023333 0.030000
0 0.661321 0.343039 0.033333 0.063333
0 0.551849 0.520676 0.030000 0.033333
0 0.608376 0.542704 0.023333 0.036667
0 0.615991 0.394416 0.023333 0.033333
0 0.582776 0.375870 0.023333 0.036667
0 0.631375 0.334514 0.020000 0.033333
0 0.699078 0.433282 0.030000 0.030000
0 0.633962 0.451199 0.020000 0.026667
0 0.739418 0.380205 0.030000 0.056667
0 0.735754 0.431850 0.023333 0.026667
0 0.641570 0.564584 0.043333 0.093333
0 0.695137 0.528259 0.050000 0.080000
0 0.708097 0.586676 0.043333 0.070000
0 0.469417 0.640151 0.066667 0.100000
0 0.652868 0.882996 0.043333 0.070000
0 0.658763 0.743030 0.040000 0.050000
0 0.663518 0.781395 0.023333 0.026667
0 0.685653 0.708202 0.033333 0.060000
0 0.700386 0.749963 0.030000 0.050000
0 0.720567 0.721759 0.043333 0.060000
0 0.599127 0.685981 0.026667 0.030000
0 0.545784 0.687307 0.033333 0.046667
0 0.575581 0.719165 0.026667 0.030000
0 0.580357 0.754196 0.030000 0.026667
0 0.576853 0.780841 0.030000 0.033333
0 0.578317 0.812517 0.033333 0.030000
0 0.581352 0.859205 0.033333 0.050000
0 0.611362 0.857730 0.033333 0.026667
0 0.609546 0.881052 0.030000 0.026667
0 0.708865 0.466678 0.030000 0.030000
0 0.532084 0.483882 0.023333 0.026667
0 0.598138 0.319301 0.026667 0.030000
0 0.472913 0.093495 0.026667 0.033333
0 0.502573 0.928702 0.050000 0.096667
0 0.538190 0.832261 0.053333 0.136667
0 0.585776 0.949235 0.036667 0.050000
0 0.371271 0.871195 0.026667 0.036667
0 0.392959 0.868000 0.023333 0.030000
0 0.425243 0.771538 0.020000 0.023333
0 0.465231 0.773460 0.020000 0.020000
0 0.448160 0.836686 0.026667 0.026667
0 0.392379 0.697993 0.033333 0.030000
0 0.432655 0.654916 0.026667 0.030000
0 0.452499 0.940049 0.023333 0.033333
0 0.419177 0.938169 0.030000 0.030000
0 0.637581 0.927899 0.040000 0.033333
0 0.628981 0.969511 0.050000 0.063333
0 0.398954 0.973041 0.023333 0.033333
0 0.472680 0.911844 0.023333 0.023333
0 0.549238 0.929000 0.023333 0.023333
0 0.481525 0.831899 0.040000 0.030000
0 0.491674 0.808630 0.026667 0.030000
0 0.377138 0.996235 0.040000 0.040000
0 0.538940 0.975602 0.023333 0.023333
0 0.543812 0.995634 0.046667 0.030000
0 0.620399 0.747785 0.023333 0.033333
0 0.647598 0.664624 0.063333 0.080000
0 0.441447 0.583304 0.023333 0.026667
0 0.469822 0.576819 0.026667 0.033333
0 0.503474 0.527033 0.026667 0.033333
0 0.513314 0.552096 0.020000 0.030000
0 0.526509 0.573848 0.026667 0.046667
0 0.546551 0.567309 0.020000 0.040000
0 0.571497 0.575802 0.023333 0.056667
0 0.541317 0.603943 0.030000 0.040000
0 0.547749 0.640652 0.030000 0.053333
0 0.492064 0.486959 0.050000 0.100000
0 0.576881 0.515836 0.020000 0.030000
0 0.664206 0.413058 0.026667 0.030000
0 0.672305 0.449778 0.023333 0.023333
0 0.748380 0.281927 0.026667 0.033333
0 0.675785 0.948143 0.023333 0.026667
0 0.686361 0.858209 0.023333 0.033333
0 0.762655 0.395354 0.043333 0.166667
