0 0.291516 0.633655 0.139323 0.064202
0 0.334649 0.708043 0.101562 0.060311
0 0.180926 0.520542 0.235677 0.079767
0 0.468546 0.693938 0.141927 0.087549
0 0.442349 0.459863 0.166667 0.140078
0 0.728614 0.395673 0.136719 0.108949
0 0.688724 0.508357 0.145833 0.112840
0 0.884801 0.455791 0.196615 0.114786
0 0.798482 0.655495 0.294271 0.087549
0 0.173026 0.603824 0.088542 0.064202
0 0.155708 0.699246 0.180990 0.062257
0 0.053204 0.628431 0.050781 0.040856
0 0.746559 0.594255 0.070312 0.056420
0 0.067629 0.384892 0.054688 0.042802
0 0.409459 0.392848 0.074219 0.060311
0 0.524124 0.366013 0.083333 0.033074
0 0.964973 0.613968 0.065104 0.091440
0 0.566105 0.673956 0.052083 0.068093
0 0.542140 0.561679 0.055990 0.040856
