0 0.109859 0.093061 0.039062 0.029046
0 0.104391 0.222729 0.040625 0.053942
0 0.220016 0.386111 0.068750 0.115145
0 0.216109 0.527708 0.060938 0.064315
0 0.206734 0.678123 0.064062 0.107884
0 0.192672 0.170862 0.042188 0.060166
0 0.454391 0.181235 0.040625 0.064315
0 0.456734 0.422418 0.067188 0.073651
0 0.534859 0.377812 0.042188 0.073651
0 0.563766 0.250219 0.040625 0.061203
0 0.307516 0.738808 0.065625 0.040456
0 0.460641 0.562459 0.040625 0.034232
0 0.589547 0.565571 0.051562 0.061203
0 0.566109 0.147003 0.045313 0.082988
0 0.596578 0.093580 0.053125 0.059129
0 0.761422 0.062459 0.051562 0.094398
0 0.708297 0.357584 0.039062 0.049793
0 0.616891 0.206132 0.062500 0.058091
0 0.448922 0.928123 0.057813 0.060166
0 0.739547 0.632480 0.045313 0.035270
0 0.959078 0.445758 0.059375 0.053942
0 0.613766 0.784970 0.053125 0.041494
0 0.665328 0.788600 0.040625 0.050830
0 0.944234 0.957169 0.060938 0.033195
0 0.966109 0.869513 0.048437 0.054979
0 0.520797 0.738289 0.048437 0.039419
0 0.370797 0.720136 0.026563 0.028008
