0 0.552979 0.420561 0.174316 0.173832
0 0.704102 0.616822 0.155273 0.115888
0 0.832031 0.576636 0.094727 0.102804
0 0.272461 0.285981 0.130859 0.140187
0 0.320312 0.442523 0.160156 0.103738
0 0.122314 0.367290 0.205566 0.132710
0 0.942627 0.327570 0.059082 0.066355
0 0.839600 0.710748 0.187012 0.079439
0 0.540527 0.693458 0.152344 0.108411
0 0.259521 0.522897 0.095215 0.086916
0 0.481445 0.262150 0.084961 0.055140
0 0.137207 0.575234 0.172852 0.101869
0 0.283691 0.634579 0.128906 0.084112
0 0.037598 0.576168 0.075195 0.193458
0 0.427490 0.656075 0.046387 0.091589
0 0.813477 0.476636 0.213867 0.084112
0 0.596680 0.306075 0.081055 0.094393
