1 0.483333 0.573333 0.126667 0.180000
1 0.576667 0.393333 0.073333 0.053333
1 0.606667 0.485000 0.100000 0.076667
1 0.788333 0.451667 0.130000 0.090000
1 0.883333 0.578333 0.113333 0.090000
1 0.745000 0.648333 0.116667 0.136667
1 0.798333 0.785000 0.123333 0.116667
1 0.615000 0.865000 0.143333 0.190000
1 0.475000 0.323333 0.156667 0.166667
1 0.303333 0.168333 0.086667 0.103333
1 0.655000 0.221667 0.196667 0.116667
1 0.785000 0.205000 0.103333 0.143333
1 0.801667 0.373333 0.170000 0.166667
1 0.201667 0.041667 0.136667 0.070000
