0 0.356163 0.390495 0.066667 0.043333
0 0.353191 0.475850 0.056667 0.040000
0 0.374648 0.763403 0.050000 0.036667
0 0.308250 0.213156 0.053333 0.036667
0 0.469831 0.047669 0.063333 0.040000
0 0.403390 0.238891 0.053333 0.040000
0 0.418820 0.324758 0.066667 0.046667
0 0.586662 0.205635 0.036667 0.030000
0 0.557455 0.219165 0.043333 0.026667
0 0.626000 0.697468 0.040000 0.043333
0 0.508371 0.606351 0.050000 0.040000
0 0.529852 0.735255 0.036667 0.033333
0 0.470272 0.717299 0.046667 0.036667
0 0.350171 0.878504 0.060000 0.050000
0 0.432863 0.547649 0.046667 0.040000
0 0.415641 0.618873 0.050000 0.040000
0 0.449510 0.573320 0.036667 0.040000
0 0.531263 0.439581 0.043333 0.036667
0 0.501857 0.264417 0.026667 0.023333
0 0.503010 0.282714 0.040000 0.026667
0 0.570066 0.074753 0.033333 0.033333
