0 0.588333 0.195000 0.170000 0.090000
0 0.541667 0.440000 0.156667 0.093333
0 0.423333 0.493333 0.133333 0.080000
0 0.901667 0.736667 0.063333 0.040000
0 0.590000 0.526667 0.053333 0.040000
0 0.545000 0.576667 0.090000 0.073333
0 0.323333 0.763333 0.106667 0.066667
0 0.073333 0.581667 0.146667 0.103333
0 0.263333 0.385000 0.153333 0.096667
0 0.143333 0.258333 0.133333 0.116667
0 0.123333 0.153333 0.133333 0.146667
0 0.030000 0.108333 0.060000 0.130000
0 0.635000 0.946667 0.170000 0.080000
0 0.410000 0.911667 0.060000 0.036667
