0 0.316796 0.416898 0.266667 0.090000
0 0.302633 0.549739 0.296667 0.096667
0 0.272504 0.171390 0.243333 0.076667
0 0.332337 0.899709 0.273333 0.073333
0 0.498022 0.773509 0.246667 0.086667
0 0.625616 0.679005 0.113333 0.053333
0 0.729726 0.663549 0.166667 0.073333
0 0.695099 0.311695 0.266667 0.093333
0 0.723783 0.266241 0.160000 0.080000
0 0.866117 0.254129 0.156667 0.083333
0 0.467038 0.148219 0.203333 0.073333
0 0.477626 0.096967 0.200000 0.050000
0 0.336414 0.007365 0.156667 0.023333
0 0.060779 0.700961 0.073333 0.033333
0 0.714062 0.944800 0.093333 0.043333
0 0.729029 0.793643 0.083333 0.046667
0 0.003603 0.863613 0.033333 0.063333
