0 0.301667 0.553333 0.083333 0.060000
0 0.293333 0.191667 0.093333 0.056667
0 0.616667 0.353333 0.060000 0.040000
0 0.575000 0.861667 0.116667 0.063333
0 0.146667 0.573333 0.053333 0.046667
0 0.200000 0.516667 0.046667 0.026667
0 0.590000 0.505000 0.033333 0.016667
0 0.615000 0.671667 0.056667 0.023333
0 0.306667 0.723333 0.033333 0.020000
0 0.596667 0.233333 0.080000 0.053333
0 0.313333 0.788333 0.033333 0.023333
0 0.665000 0.091667 0.030000 0.023333
0 0.241667 0.668333 0.036667 0.023333
0 0.243333 0.545000 0.053333 0.043333
0 0.638333 0.448333 0.043333 0.043333
0 0.291667 0.483333 0.056667 0.040000
0 0.103333 0.718333 0.040000 0.030000
0 0.038333 0.695000 0.043333 0.030000
0 0.800000 0.716667 0.053333 0.033333
0 0.533333 0.598333 0.053333 0.036667
