0 0.678649 0.432060 0.066667 0.043333
0 0.695213 0.515846 0.056667 0.040000
0 0.719950 0.803136 0.050000 0.036667
0 0.697629 0.249347 0.053333 0.036667
0 0.511696 0.111785 0.063333 0.040000
0 0.607819 0.289944 0.053333 0.040000
0 0.606299 0.377173 0.066667 0.046667
0 0.421589 0.286380 0.036667 0.030000
0 0.452582 0.295073 0.043333 0.026667
0 0.461295 0.778184 0.040000 0.043333
0 0.562864 0.669452 0.050000 0.040000
0 0.562243 0.800133 0.036667 0.033333
0 0.618191 0.772893 0.046667 0.036667
0 0.762493 0.912850 0.060000 0.050000
0 0.628029 0.599446 0.046667 0.040000
0 0.656403 0.667006 0.050000 0.040000
0 0.615694 0.627446 0.036667 0.040000
0 0.513635 0.508478 0.043333 0.036667
0 0.514692 0.330866 0.026667 0.023333
0 0.516476 0.349112 0.040000 0.026667
0 0.417072 0.154528 0.033333 0.033333
