1 0.339348 0.526582 0.130000 0.143333
1 0.317681 0.729915 0.153333 0.116667
1 0.399348 0.638248 0.163333 0.100000
1 0.494348 0.571582 0.073333 0.060000
1 0.554348 0.473248 0.080000 0.090000
1 0.451014 0.481582 0.073333 0.066667
1 0.499348 0.423248 0.076667 0.063333
1 0.472681 0.356582 0.150000 0.123333
1 0.612681 0.391582 0.096667 0.100000
1 0.661014 0.279915 0.160000 0.076667
1 0.431014 0.248248 0.080000 0.073333
1 0.529348 0.109915 0.083333 0.090000
1 0.461014 0.123248 0.080000 0.076667
1 0.524348 0.064915 0.093333 0.086667
