0 0.275856 0.041228 0.050000 0.043333
0 0.542523 0.149561 0.050000 0.033333
0 0.682523 0.507894 0.096667 0.096667
0 0.635856 0.411228 0.043333 0.036667
0 0.719189 0.416228 0.050000 0.046667
0 0.524189 0.417894 0.053333 0.050000
0 0.435856 0.556228 0.070000 0.066667
0 0.399189 0.571228 0.036667 0.030000
0 0.349189 0.559561 0.043333 0.033333
0 0.920856 0.422894 0.060000 0.053333
0 0.265856 0.267894 0.076667 0.083333
0 0.792523 0.546228 0.043333 0.040000
0 0.865856 0.641228 0.076667 0.096667
0 0.709189 0.629561 0.050000 0.066667
0 0.537523 0.649561 0.060000 0.073333
0 0.637523 0.721228 0.053333 0.050000
0 0.504189 0.342894 0.040000 0.033333
0 0.452523 0.336228 0.036667 0.033333
0 0.595856 0.327894 0.043333 0.043333
0 0.574189 0.259561 0.040000 0.040000
0 0.709189 0.244561 0.050000 0.036667
0 0.642523 0.196228 0.050000 0.026667
0 0.659189 0.149561 0.050000 0.040000
0 0.759189 0.221228 0.050000 0.043333
0 0.837523 0.116228 0.060000 0.040000
0 0.307523 0.092894 0.040000 0.033333
0 0.339189 0.221228 0.036667 0.036667
0 0.775856 0.052894 0.036667 0.033333
0 0.779189 0.124561 0.043333 0.050000
0 0.705856 0.187894 0.030000 0.030000
0 0.419189 0.179561 0.030000 0.033333
0 0.189189 0.224561 0.036667 0.043333
0 0.292523 0.381228 0.036667 0.036667
0 0.167523 0.292894 0.046667 0.053333
0 0.165856 0.132894 0.076667 0.093333
0 0.892523 0.822894 0.170000 0.120000
0 0.564189 0.777894 0.040000 0.036667
0 0.534189 0.747894 0.033333 0.030000
0 0.454189 0.719561 0.026667 0.026667
0 0.515856 0.882894 0.036667 0.033333
0 0.324189 0.676228 0.040000 0.040000
0 0.510856 0.951228 0.040000 0.030000
0 0.817523 0.074561 0.053333 0.050000
0 0.864189 0.494561 0.033333 0.030000
0 0.837523 0.469561 0.033333 0.026667
0 0.754189 0.006228 0.033333 0.033333
0 0.255856 0.104561 0.043333 0.050000
0 0.220856 0.116228 0.026667 0.026667
0 0.652523 0.826228 0.030000 0.026667
0 0.384189 0.219561 0.053333 0.080000
0 0.827523 0.329561 0.120000 0.146667
0 0.490856 0.766228 0.033333 0.026667
0 0.674189 0.896228 0.040000 0.033333
0 0.620856 0.837894 0.033333 0.030000
0 0.940856 0.949561 0.060000 0.053333
0 0.877523 0.739561 0.020000 0.020000
0 0.907523 0.722894 0.020000 0.020000
0 0.957523 0.739561 0.020000 0.020000
0 0.972523 0.532894 0.090000 0.080000
0 0.614189 0.674561 0.040000 0.030000
0 0.977523 0.619561 0.060000 0.060000
0 0.614189 0.892894 0.100000 0.113333
0 0.667523 0.289561 0.086667 0.093333
0 0.325856 0.182894 0.023333 0.026667
0 0.440856 0.114561 0.033333 0.030000
0 0.269189 0.411228 0.043333 0.070000
0 0.522523 0.544561 0.030000 0.036667
0 0.497523 0.809561 0.053333 0.053333
0 0.480856 0.894561 0.046667 0.043333
0 0.907523 0.292894 0.040000 0.053333
0 0.880856 0.304561 0.026667 0.023333
0 0.797523 0.891228 0.040000 0.030000
0 0.724189 0.971228 0.033333 0.030000
0 0.365856 0.514561 0.063333 0.076667
0 0.837523 0.971228 0.060000 0.030000
0 0.692523 0.964561 0.050000 0.043333
0 0.265856 0.526228 0.056667 0.106667
0 0.959189 0.369561 0.036667 0.026667
0 0.972523 0.429561 0.030000 0.053333
0 0.155856 0.231228 0.023333 0.030000
0 0.425856 0.331228 0.030000 0.023333
0 0.329189 0.412894 0.023333 0.026667
