0 0.303440 0.254108 0.253333 0.153333
0 0.353440 0.195775 0.060000 0.036667
0 0.236773 0.529108 0.073333 0.070000
0 0.455106 0.685775 0.096667 0.070000
0 0.325106 0.790775 0.063333 0.040000
0 0.638440 0.439108 0.110000 0.103333
0 0.635106 0.629108 0.130000 0.096667
0 0.790106 0.790775 0.073333 0.046667
0 0.960106 0.747442 0.073333 0.046667
0 0.905106 0.899108 0.110000 0.050000
0 0.090106 0.152442 0.093333 0.050000
0 0.963440 0.287442 0.060000 0.053333
0 0.703440 0.295775 0.033333 0.030000
0 0.520106 0.210775 0.053333 0.040000
0 0.618440 0.145775 0.063333 0.043333
0 0.380106 0.422442 0.266667 0.170000
