0 0.868701 0.697339 0.055944 0.130435
0 0.762531 0.596396 0.080420 0.108696
0 0.661221 0.343642 0.097902 0.195652
0 0.698455 0.920559 0.213287 0.119565
0 0.581159 0.604101 0.122378 0.163043
0 0.518403 0.327863 0.066434 0.206522
0 0.460292 0.191980 0.041958 0.130435
0 0.353005 0.239337 0.115385 0.119565
0 0.183088 0.104275 0.157343 0.163043
0 0.378657 0.865204 0.192308 0.130435
0 0.415773 0.675509 0.125874 0.130435
0 0.388970 0.550869 0.052448 0.152174
0 0.170686 0.296168 0.062937 0.097826
0 0.154781 0.519275 0.041958 0.097826
0 0.106118 0.404993 0.045455 0.097826
0 0.029989 0.049906 0.024476 0.130435
0 0.027925 0.247332 0.034965 0.130435
0 0.001695 0.624840 0.031469 0.119565
