0 0.415838 0.275393 0.053125 0.087925
0 0.376775 0.424866 0.062500 0.091442
0 0.461150 0.658160 0.053125 0.082063
0 0.292400 0.573752 0.059375 0.084408
0 0.285369 0.248430 0.054688 0.033998
0 0.394744 0.863318 0.076563 0.133646
0 0.426775 0.955933 0.062500 0.070340
0 0.267400 0.899075 0.059375 0.071512
0 0.304119 0.981138 0.048437 0.092614
0 0.279900 0.678676 0.062500 0.069168
0 0.246307 0.723811 0.032812 0.058617
0 0.270525 0.762498 0.040625 0.042204
0 0.211150 0.748430 0.028125 0.063306
0 0.433807 0.198019 0.057813 0.050410
0 0.270525 0.361560 0.062500 0.056272
0 0.200994 0.398488 0.032812 0.057444
0 0.174432 0.415487 0.014062 0.135991
0 0.224432 0.183365 0.029687 0.044549
0 0.373650 0.068477 0.040625 0.032825
0 0.256463 0.115956 0.037500 0.062134
0 0.194744 0.113025 0.032812 0.037515
0 0.159588 0.076097 0.012500 0.019930
0 0.232244 0.545616 0.048437 0.072685
0 0.220525 0.604233 0.040625 0.060961
