1 0.185000 0.173333 0.130000 0.080000
1 0.298333 0.228333 0.110000 0.130000
1 0.226667 0.296667 0.166667 0.126667
1 0.336667 0.373333 0.080000 0.106667
1 0.350000 0.468333 0.093333 0.096667
1 0.255000 0.515000 0.163333 0.230000
1 0.318333 0.586667 0.063333 0.086667
1 0.361667 0.546667 0.076667 0.100000
1 0.378333 0.653333 0.083333 0.086667
1 0.535000 0.770000 0.063333 0.080000
1 0.608333 0.746667 0.143333 0.160000
1 0.535000 0.870000 0.156667 0.153333
1 0.576667 0.501667 0.133333 0.110000
1 0.148333 0.053333 0.130000 0.100000
