1 0.510393 0.574482 0.126667 0.180000
1 0.432648 0.387220 0.073333 0.053333
1 0.394988 0.476015 0.100000 0.076667
1 0.216799 0.427408 0.130000 0.090000
1 0.111408 0.545569 0.113333 0.090000
1 0.243312 0.627039 0.116667 0.136667
1 0.178589 0.758695 0.123333 0.116667
1 0.354484 0.853942 0.143333 0.190000
1 0.539881 0.326087 0.156667 0.166667
1 0.724064 0.186191 0.086667 0.103333
1 0.369143 0.209533 0.196667 0.116667
1 0.241023 0.181911 0.103333 0.143333
1 0.210152 0.348226 0.170000 0.166667
1 0.836099 0.068595 0.136667 0.070000
