0 0.629476 0.394092 0.253333 0.153333
0 0.571137 0.344098 0.060000 0.036667
0 0.737446 0.655648 0.073333 0.070000
0 0.545664 0.843885 0.096667 0.070000
0 0.690202 0.927752 0.063333 0.040000
0 0.326737 0.628184 0.110000 0.103333
0 0.359111 0.815436 0.130000 0.096667
0 0.230681 0.998921 0.073333 0.046667
0 0.824736 0.260972 0.093333 0.050000
0 0.520347 0.114163 0.103333 0.060000
0 0.240566 0.496488 0.033333 0.030000
0 0.408730 0.384430 0.053333 0.040000
0 0.301607 0.335246 0.063333 0.043333
0 0.579476 0.572176 0.266667 0.170000
