0 0.874126 0.500000 0.055944 0.130435
0 0.763986 0.456522 0.080420 0.108696
0 0.650350 0.260870 0.097902 0.195652
0 0.718531 0.809783 0.213287 0.119565
0 0.585664 0.559783 0.122378 0.163043
0 0.508741 0.320652 0.066434 0.206522
0 0.444056 0.217391 0.041958 0.130435
0 0.340909 0.320652 0.115385 0.119565
0 0.166084 0.277174 0.157343 0.163043
0 0.400350 0.923913 0.192308 0.130435
0 0.951049 0.934783 0.090909 0.130435
0 0.426573 0.717391 0.125874 0.130435
0 0.393357 0.608696 0.052448 0.152174
0 0.164336 0.472826 0.062937 0.097826
0 0.160839 0.701087 0.041958 0.097826
0 0.106643 0.614130 0.045455 0.097826
0 0.012238 0.304348 0.024476 0.130435
0 0.020979 0.500000 0.034965 0.130435
0 0.015734 0.885870 0.031469 0.119565
0 0.041958 0.059783 0.027972 0.076087
