0 0.101433 0.163713 0.039062 0.029046
0 0.095964 0.293382 0.040625 0.053942
0 0.211589 0.456763 0.068750 0.115145
0 0.207683 0.598361 0.060938 0.064315
0 0.198308 0.748776 0.064062 0.107884
0 0.184245 0.241514 0.042188 0.060166
0 0.445964 0.251888 0.040625 0.064315
0 0.448308 0.493070 0.067188 0.073651
0 0.526433 0.448465 0.042188 0.073651
0 0.555339 0.320871 0.040625 0.061203
0 0.299089 0.809460 0.065625 0.040456
0 0.452214 0.633112 0.040625 0.034232
0 0.581120 0.636224 0.051562 0.061203
0 0.557683 0.217655 0.045313 0.082988
0 0.588152 0.164232 0.053125 0.059129
0 0.752995 0.133112 0.051562 0.094398
0 0.699870 0.428236 0.039062 0.049793
0 0.608464 0.276784 0.062500 0.058091
0 0.440495 0.998776 0.057813 0.060166
0 0.731120 0.703133 0.045313 0.035270
0 0.950651 0.516411 0.059375 0.053942
0 0.605339 0.855622 0.053125 0.041494
0 0.656901 0.859253 0.040625 0.050830
0 0.957683 0.940166 0.048437 0.054979
0 0.512370 0.808942 0.048437 0.039419
0 0.362370 0.790788 0.026563 0.028008
