1 0.779635 0.142592 0.130000 0.080000
1 0.672578 0.208986 0.110000 0.130000
1 0.750909 0.269565 0.166667 0.126667
1 0.649401 0.357166 0.080000 0.106667
1 0.645935 0.453034 0.093333 0.096667
1 0.745241 0.489656 0.163333 0.230000
1 0.689635 0.567471 0.063333 0.086667
1 0.642408 0.532153 0.076667 0.100000
1 0.636830 0.639970 0.083333 0.086667
1 0.493029 0.772170 0.063333 0.080000
1 0.417680 0.756523 0.143333 0.160000
1 0.503340 0.871637 0.156667 0.153333
1 0.423914 0.509564 0.133333 0.110000
1 0.803732 0.019451 0.130000 0.100000
