1 0.579054 0.577606 0.130000 0.143333
1 0.602597 0.780731 0.153333 0.116667
1 0.520088 0.689823 0.163333 0.100000
1 0.424476 0.624036 0.073333 0.060000
1 0.363570 0.526261 0.080000 0.090000
1 0.466976 0.533640 0.073333 0.066667
1 0.418106 0.475755 0.076667 0.063333
1 0.444156 0.408845 0.150000 0.123333
1 0.304485 0.445137 0.096667 0.100000
1 0.255122 0.333922 0.160000 0.076667
1 0.484820 0.300132 0.080000 0.073333
1 0.385213 0.162713 0.083333 0.090000
1 0.453666 0.175414 0.080000 0.076667
1 0.389797 0.117668 0.093333 0.086667
1 0.492433 0.041717 0.066667 0.056667
