0 0.800155 0.064164 0.041237 0.088803
0 0.681709 0.023442 0.051546 0.038610
0 0.645516 0.063928 0.061856 0.073359
0 0.722657 0.129683 0.061856 0.088803
0 0.545064 0.040608 0.056701 0.073359
0 0.403175 0.090585 0.082474 0.096525
0 0.443845 0.299142 0.103093 0.119691
0 0.642062 0.386317 0.087629 0.077220
0 0.695897 0.492577 0.041237 0.065637
0 0.827314 0.502430 0.067010 0.092664
0 0.538696 0.486546 0.056701 0.108108
0 0.598074 0.449957 0.041237 0.050193
0 0.289269 0.275740 0.041237 0.119691
0 0.358059 0.569282 0.077320 0.111969
0 0.690354 0.635426 0.041237 0.073359
0 0.602473 0.727956 0.061856 0.096525
0 0.473665 0.706524 0.051546 0.061776
0 0.700191 0.809186 0.061856 0.104247
0 0.462941 0.859018 0.082474 0.088803
