0 0.582309 0.656664 0.100000 0.056667
0 0.420732 0.173861 0.123333 0.080000
0 0.334399 0.245231 0.066667 0.040000
0 0.264013 0.249139 0.060000 0.043333
0 0.819675 0.970571 0.066667 0.040000
0 0.590199 0.505193 0.110000 0.066667
0 0.663282 0.511475 0.050000 0.030000
0 0.803641 0.668962 0.063333 0.033333
0 0.976228 0.315798 0.043333 0.033333
0 0.350820 0.593624 0.056667 0.026667
0 0.630393 0.741527 0.080000 0.033333
0 0.645937 0.653999 0.046667 0.023333
0 0.798935 0.373078 0.050000 0.030000
0 0.955347 0.461439 0.060000 0.026667
0 0.994903 0.549105 0.043333 0.030000
0 0.928376 0.703554 0.043333 0.026667
0 0.539982 0.851050 0.066667 0.030000
0 0.540825 0.149711 0.033333 0.023333
0 0.981379 0.392943 0.043333 0.026667
0 0.794752 0.412894 0.040000 0.023333
0 0.768558 0.404561 0.026667 0.023333
0 0.922975 0.524525 0.043333 0.016667
0 0.911689 0.279995 0.023333 0.016667
0 0.856401 0.415115 0.036667 0.020000
0 0.239030 0.301002 0.050000 0.023333
0 0.288187 0.501162 0.073333 0.036667
0 0.338976 0.410849 0.056667 0.036667
0 0.398211 0.451327 0.033333 0.023333
0 0.406495 0.505289 0.043333 0.030000
0 0.570829 0.388742 0.043333 0.030000
0 0.411688 0.343628 0.040000 0.026667
0 0.785894 0.447405 0.033333 0.026667
0 0.712706 0.442785 0.040000 0.020000
0 0.473731 0.551282 0.070000 0.033333
0 0.686245 0.703303 0.046667 0.030000
0 0.865581 0.534263 0.043333 0.023333
0 0.907667 0.396640 0.056667 0.030000
