0 0.160494 0.160865 0.062857 0.070934
0 0.484608 0.162648 0.072857 0.064014
0 0.145001 0.459124 0.094286 0.055363
0 0.217422 0.612062 0.098571 0.062284
0 0.369265 0.723858 0.141429 0.072664
0 0.486269 0.627887 0.161429 0.095156
0 0.589271 0.565660 0.091429 0.074394
0 0.891601 0.637544 0.065714 0.074394
0 0.331387 0.261392 0.101429 0.039792
0 0.601977 0.341899 0.100000 0.072664
0 0.697248 0.813262 0.087143 0.041522
0 0.731095 0.299870 0.045714 0.039792
0 0.437281 0.206536 0.044286 0.025952
0 0.327522 0.105849 0.070000 0.022491
0 0.812854 0.400124 0.067143 0.022491
0 0.241264 0.784331 0.072857 0.027682
