0 0.235316 0.668809 0.133333 0.093333
0 0.337849 0.316671 0.170000 0.133333
0 0.662786 0.463883 0.143333 0.093333
0 0.149073 0.352760 0.126667 0.110000
0 0.075903 0.478564 0.070000 0.116667
0 0.178654 0.248104 0.136667 0.120000
0 0.280929 0.197652 0.120000 0.096667
0 0.856384 0.162833 0.256667 0.140000
0 0.577911 0.592882 0.090000 0.066667
0 0.530434 0.660655 0.083333 0.063333
0 0.302712 0.887960 0.126667 0.063333
0 0.772818 0.741880 0.123333 0.080000
0 0.504305 0.895361 0.170000 0.080000
0 0.730797 0.351352 0.030000 0.033333
0 0.464189 0.484854 0.046667 0.033333
0 0.330171 0.681606 0.043333 0.036667
0 0.463296 0.699858 0.043333 0.030000
0 0.140065 0.689343 0.036667 0.030000
0 0.192918 0.729975 0.036667 0.030000
