0 0.312427 0.427296 0.266667 0.090000
0 0.305730 0.560721 0.296667 0.096667
0 0.254446 0.184655 0.243333 0.076667
0 0.355000 0.908476 0.273333 0.073333
0 0.513352 0.773190 0.246667 0.086667
0 0.635450 0.671685 0.113333 0.053333
0 0.738530 0.650419 0.166667 0.073333
0 0.684240 0.301058 0.266667 0.093333
0 0.710332 0.254068 0.160000 0.080000
0 0.851763 0.233998 0.156667 0.083333
0 0.447377 0.150619 0.203333 0.073333
0 0.455076 0.098854 0.200000 0.050000
0 0.309064 0.017306 0.156667 0.023333
0 0.072731 0.725258 0.073333 0.033333
0 0.738652 0.932105 0.093333 0.043333
0 0.745124 0.780347 0.083333 0.046667
0 0.024759 0.890859 0.033333 0.063333
