1 0.815000 0.173333 0.130000 0.080000
1 0.701667 0.228333 0.110000 0.130000
1 0.773333 0.296667 0.166667 0.126667
1 0.663333 0.373333 0.080000 0.106667
1 0.650000 0.468333 0.093333 0.096667
1 0.745000 0.515000 0.163333 0.230000
1 0.681667 0.586667 0.063333 0.086667
1 0.638333 0.546667 0.076667 0.100000
1 0.621667 0.653333 0.083333 0.086667
1 0.465000 0.770000 0.063333 0.080000
1 0.391667 0.746667 0.143333 0.160000
1 0.465000 0.870000 0.156667 0.153333
1 0.423333 0.501667 0.133333 0.110000
1 0.851667 0.053333 0.130000 0.100000
