0 0.930694 0.387153 0.055944 0.130435
0 0.819708 0.378142 0.080420 0.108696
0 0.700346 0.218807 0.097902 0.195652
0 0.785848 0.743766 0.213287 0.119565
0 0.645603 0.536336 0.122378 0.163043
0 0.561371 0.322325 0.066434 0.206522
0 0.493688 0.239697 0.041958 0.130435
0 0.394381 0.374514 0.115385 0.119565
0 0.219034 0.385618 0.157343 0.163043
0 0.472935 0.956266 0.192308 0.130435
0 0.492382 0.742625 0.125874 0.130435
0 0.455834 0.644804 0.052448 0.152174
0 0.223590 0.580832 0.062937 0.097826
0 0.227456 0.809036 0.041958 0.097826
0 0.170734 0.739368 0.045455 0.097826
0 0.066834 0.460495 0.024476 0.130435
0 0.081827 0.652448 0.034965 0.130435
0 0.088535 0.207915 0.027972 0.076087
