0 0.503333 0.558333 0.100000 0.056667
0 0.311667 0.086667 0.123333 0.080000
0 0.230000 0.163333 0.066667 0.040000
0 0.160000 0.171667 0.060000 0.043333
0 0.760000 0.856667 0.066667 0.040000
0 0.501667 0.406667 0.110000 0.066667
0 0.575000 0.408333 0.050000 0.030000
0 0.725000 0.556667 0.063333 0.033333
0 0.875000 0.193333 0.043333 0.033333
0 0.268333 0.510000 0.056667 0.026667
0 0.556667 0.640000 0.080000 0.033333
0 0.566667 0.551667 0.046667 0.023333
0 0.701667 0.261667 0.050000 0.030000
0 0.863333 0.340000 0.060000 0.026667
0 0.908333 0.425000 0.043333 0.030000
0 0.941667 0.408333 0.036667 0.023333
0 0.851667 0.583333 0.043333 0.026667
0 0.473333 0.755000 0.066667 0.030000
0 0.793333 0.921667 0.073333 0.036667
0 0.585000 0.980000 0.063333 0.026667
0 0.621667 0.898333 0.050000 0.023333
0 0.901667 0.916667 0.056667 0.026667
0 0.951667 0.631667 0.096667 0.036667
0 0.973333 0.593333 0.053333 0.026667
0 0.430000 0.055000 0.033333 0.023333
0 0.885000 0.270000 0.043333 0.026667
0 0.700000 0.301667 0.040000 0.023333
0 0.673333 0.295000 0.026667 0.023333
0 0.835000 0.405000 0.043333 0.016667
0 0.808333 0.161667 0.023333 0.016667
0 0.761667 0.300000 0.036667 0.020000
0 0.138333 0.225000 0.050000 0.023333
0 0.943333 0.468333 0.040000 0.023333
0 0.200000 0.421667 0.073333 0.036667
0 0.245000 0.328333 0.056667 0.036667
0 0.306667 0.365000 0.033333 0.023333
0 0.318333 0.418333 0.043333 0.030000
0 0.475000 0.291667 0.043333 0.030000
0 0.313333 0.256667 0.040000 0.026667
0 0.431667 0.933333 0.070000 0.033333
0 0.973333 0.705000 0.053333 0.056667
0 0.693333 0.336667 0.033333 0.026667
0 0.620000 0.336667 0.040000 0.020000
0 0.661667 0.956667 0.076667 0.033333
0 0.388333 0.460000 0.070000 0.033333
0 0.868333 0.880000 0.050000 0.033333
0 0.610000 0.598333 0.046667 0.030000
0 0.778333 0.418333 0.043333 0.023333
0 0.811667 0.278333 0.056667 0.030000
0 0.343333 0.921667 0.073333 0.030000
