0 0.830000 0.236159 0.062857 0.070934
0 0.507857 0.192907 0.072857 0.064014
0 0.817143 0.534602 0.094286 0.055363
0 0.730714 0.676471 0.098571 0.062284
0 0.569286 0.766436 0.141429 0.072664
0 0.462143 0.654844 0.161429 0.095156
0 0.365714 0.578720 0.091429 0.074394
0 0.058571 0.608131 0.065714 0.074394
0 0.650714 0.312284 0.101429 0.039792
0 0.374286 0.354671 0.100000 0.072664
0 0.235000 0.809689 0.087143 0.041522
0 0.250000 0.294983 0.045714 0.039792
0 0.550714 0.243080 0.044286 0.025952
0 0.669286 0.158304 0.070000 0.022491
0 0.159286 0.383218 0.067143 0.022491
0 0.690714 0.844291 0.072857 0.027682
0 0.950000 0.723183 0.071429 0.034602
