0 0.649415 0.587011 0.083333 0.060000
0 0.597759 0.228955 0.093333 0.056667
0 0.305652 0.441918 0.060000 0.040000
0 0.430898 0.936340 0.116667 0.063333
0 0.805587 0.581075 0.053333 0.046667
0 0.743609 0.534019 0.046667 0.026667
0 0.357059 0.587078 0.033333 0.016667
0 0.359995 0.755583 0.056667 0.023333
0 0.672627 0.755493 0.033333 0.020000
0 0.305510 0.320263 0.080000 0.053333
0 0.676813 0.820700 0.033333 0.023333
0 0.214666 0.191864 0.030000 0.023333
0 0.727625 0.690491 0.036667 0.023333
0 0.705564 0.569135 0.053333 0.043333
0 0.300011 0.539194 0.043333 0.043333
0 0.647688 0.516321 0.056667 0.040000
0 0.872327 0.716900 0.040000 0.030000
0 0.932567 0.683128 0.043333 0.030000
0 0.184998 0.830589 0.053333 0.033333
0 0.428395 0.669742 0.053333 0.036667
