0 0.361789 0.081326 0.050000 0.033333
0 0.501789 0.439659 0.096667 0.096667
0 0.455122 0.342992 0.043333 0.036667
0 0.538455 0.347992 0.050000 0.046667
0 0.343455 0.349659 0.053333 0.050000
0 0.255122 0.487992 0.070000 0.066667
0 0.218455 0.502992 0.036667 0.030000
0 0.168455 0.491326 0.043333 0.033333
0 0.740122 0.354659 0.060000 0.053333
0 0.085122 0.199659 0.076667 0.083333
0 0.611789 0.477992 0.043333 0.040000
0 0.848455 0.639659 0.043333 0.050000
0 0.685122 0.572992 0.076667 0.096667
0 0.528455 0.561326 0.050000 0.066667
0 0.356789 0.581326 0.060000 0.073333
0 0.456789 0.652992 0.053333 0.050000
0 0.323455 0.274659 0.040000 0.033333
0 0.271789 0.267992 0.036667 0.033333
0 0.415122 0.259659 0.043333 0.043333
0 0.393455 0.191326 0.040000 0.040000
0 0.528455 0.176326 0.050000 0.036667
0 0.461789 0.127992 0.050000 0.026667
0 0.478455 0.081326 0.050000 0.040000
0 0.578455 0.152992 0.050000 0.043333
0 0.656789 0.047992 0.060000 0.040000
0 0.126789 0.024659 0.040000 0.033333
0 0.158455 0.152992 0.036667 0.036667
0 0.598455 0.056326 0.043333 0.050000
0 0.525122 0.119659 0.030000 0.030000
0 0.238455 0.111326 0.030000 0.033333
0 0.008455 0.156326 0.036667 0.043333
0 0.111789 0.312992 0.036667 0.036667
0 0.711789 0.754659 0.170000 0.120000
0 0.383455 0.709659 0.040000 0.036667
0 0.353455 0.679659 0.033333 0.030000
0 0.273455 0.651326 0.026667 0.026667
0 0.335122 0.814659 0.036667 0.033333
0 0.143455 0.607992 0.040000 0.040000
0 0.330122 0.882992 0.040000 0.030000
0 0.636789 0.006326 0.053333 0.050000
0 0.683455 0.426326 0.033333 0.030000
0 0.656789 0.401326 0.033333 0.026667
0 0.075122 0.036326 0.043333 0.050000
0 0.040122 0.047992 0.026667 0.026667
0 0.471789 0.757992 0.030000 0.026667
0 0.203455 0.151326 0.053333 0.080000
0 0.646789 0.261326 0.120000 0.146667
0 0.310122 0.697992 0.033333 0.026667
0 0.493455 0.827992 0.040000 0.033333
0 0.440122 0.769659 0.033333 0.030000
0 0.760122 0.881326 0.060000 0.053333
0 0.835122 0.784659 0.030000 0.026667
0 0.696789 0.671326 0.020000 0.020000
0 0.726789 0.654659 0.020000 0.020000
0 0.776789 0.671326 0.020000 0.020000
0 0.791789 0.464659 0.090000 0.080000
0 0.433455 0.606326 0.040000 0.030000
0 0.796789 0.551326 0.060000 0.060000
0 0.433455 0.824659 0.100000 0.113333
0 0.486789 0.221326 0.086667 0.093333
0 0.145122 0.114659 0.023333 0.026667
0 0.260122 0.046326 0.033333 0.030000
0 0.088455 0.342992 0.043333 0.070000
0 0.341789 0.476326 0.030000 0.036667
0 0.316789 0.741326 0.053333 0.053333
0 0.300122 0.826326 0.046667 0.043333
0 0.726789 0.224659 0.040000 0.053333
0 0.700122 0.236326 0.026667 0.023333
0 0.616789 0.822992 0.040000 0.030000
0 0.543455 0.902992 0.033333 0.030000
0 0.185122 0.446326 0.063333 0.076667
0 0.656789 0.902992 0.060000 0.030000
0 0.511789 0.896326 0.050000 0.043333
0 0.085122 0.457992 0.056667 0.106667
0 0.778455 0.301326 0.036667 0.026667
0 0.791789 0.361326 0.030000 0.053333
0 0.245122 0.262992 0.030000 0.023333
0 0.148455 0.344659 0.023333 0.026667
