0 0.918208 0.328569 0.083045 0.097701
0 0.904368 0.443512 0.103806 0.086207
0 0.958001 0.607305 0.128028 0.172414
0 0.755579 0.512477 0.069204 0.178161
0 0.587759 0.440638 0.100346 0.149425
0 0.681184 0.182017 0.065744 0.080460
0 0.819592 0.101558 0.065744 0.091954
0 0.364575 0.138914 0.089965 0.132184
0 0.444160 0.288339 0.048443 0.097701
0 0.392257 0.420523 0.048443 0.086207
0 0.575648 0.670523 0.096886 0.114943
0 0.565267 0.837190 0.076125 0.103448
0 0.752118 0.874546 0.069204 0.178161
0 0.880146 0.771098 0.076125 0.109195
0 0.890527 0.960753 0.034602 0.074713
0 0.220977 0.363052 0.065744 0.109195
0 0.201945 0.173397 0.034602 0.086207
0 0.286720 0.641788 0.100346 0.149425
0 0.300561 0.842937 0.114187 0.172414
0 0.458001 0.779719 0.076125 0.114943
0 0.283260 0.512477 0.072664 0.109195
0 0.586028 0.179144 0.048443 0.074713
0 0.233087 0.055581 0.048443 0.045977
