0 0.531667 0.020000 0.030000 0.033333
0 0.468333 0.155000 0.030000 0.043333
0 0.518333 0.386667 0.070000 0.100000
0 0.475000 0.326667 0.030000 0.040000
0 0.535000 0.215000 0.030000 0.050000
0 0.486667 0.226667 0.053333 0.100000
0 0.621667 0.196667 0.036667 0.046667
0 0.598333 0.106667 0.030000 0.046667
0 0.685000 0.135000 0.043333 0.070000
0 0.585000 0.051667 0.023333 0.023333
0 0.605000 0.056667 0.023333 0.026667
0 0.660000 0.068333 0.033333 0.050000
0 0.706667 0.063333 0.033333 0.053333
0 0.741667 0.023333 0.030000 0.033333
0 0.743333 0.191667 0.026667 0.030000
0 0.673333 0.260000 0.033333 0.033333
0 0.571667 0.178333 0.023333 0.036667
0 0.678333 0.208333 0.023333 0.030000
0 0.661667 0.345000 0.023333 0.030000
0 0.633333 0.315000 0.033333 0.063333
0 0.525000 0.493333 0.030000 0.033333
0 0.581667 0.515000 0.023333 0.036667
0 0.588333 0.366667 0.023333 0.033333
0 0.555000 0.348333 0.023333 0.036667
0 0.603333 0.306667 0.020000 0.033333
0 0.671667 0.405000 0.030000 0.030000
0 0.606667 0.423333 0.020000 0.026667
0 0.711667 0.351667 0.030000 0.056667
0 0.708333 0.403333 0.023333 0.026667
0 0.615000 0.536667 0.043333 0.093333
0 0.668333 0.500000 0.050000 0.080000
0 0.681667 0.558333 0.043333 0.070000
0 0.443333 0.613333 0.066667 0.100000
0 0.628333 0.855000 0.043333 0.070000
0 0.633333 0.715000 0.040000 0.050000
0 0.638333 0.753333 0.023333 0.026667
0 0.660000 0.680000 0.033333 0.060000
0 0.675000 0.721667 0.030000 0.050000
0 0.695000 0.693333 0.043333 0.060000
0 0.573333 0.658333 0.026667 0.030000
0 0.520000 0.660000 0.033333 0.046667
0 0.550000 0.691667 0.026667 0.030000
0 0.555000 0.726667 0.030000 0.026667
0 0.551667 0.753333 0.030000 0.033333
0 0.553333 0.785000 0.033333 0.030000
0 0.556667 0.831667 0.033333 0.050000
0 0.586667 0.830000 0.033333 0.026667
0 0.585000 0.853333 0.030000 0.026667
0 0.681667 0.438333 0.030000 0.030000
0 0.505000 0.456667 0.023333 0.026667
0 0.570000 0.291667 0.026667 0.030000
0 0.443333 0.066667 0.026667 0.033333
0 0.478333 0.901667 0.050000 0.096667
0 0.513333 0.805000 0.053333 0.136667
0 0.561667 0.921667 0.036667 0.050000
0 0.346667 0.845000 0.026667 0.036667
0 0.368333 0.841667 0.023333 0.030000
0 0.400000 0.745000 0.020000 0.023333
0 0.440000 0.746667 0.020000 0.020000
0 0.423333 0.810000 0.026667 0.026667
0 0.366667 0.671667 0.033333 0.030000
0 0.406667 0.628333 0.026667 0.030000
0 0.428333 0.913333 0.023333 0.033333
0 0.395000 0.911667 0.030000 0.030000
0 0.550000 0.991667 0.040000 0.016667
0 0.576667 0.981667 0.026667 0.036667
0 0.613333 0.900000 0.040000 0.033333
0 0.605000 0.941667 0.050000 0.063333
0 0.375000 0.946667 0.023333 0.033333
0 0.448333 0.885000 0.023333 0.023333
0 0.525000 0.901667 0.023333 0.023333
0 0.456667 0.805000 0.040000 0.030000
0 0.466667 0.781667 0.026667 0.030000
0 0.353333 0.970000 0.040000 0.040000
0 0.356667 0.990000 0.040000 0.020000
0 0.515000 0.948333 0.023333 0.023333
0 0.520000 0.968333 0.046667 0.030000
0 0.595000 0.720000 0.023333 0.033333
0 0.621667 0.636667 0.063333 0.080000
0 0.415000 0.556667 0.023333 0.026667
0 0.443333 0.550000 0.026667 0.033333
0 0.476667 0.500000 0.026667 0.033333
0 0.486667 0.525000 0.020000 0.030000
0 0.500000 0.546667 0.026667 0.046667
0 0.520000 0.540000 0.020000 0.040000
0 0.545000 0.548333 0.023333 0.056667
0 0.515000 0.576667 0.030000 0.040000
0 0.521667 0.613333 0.030000 0.053333
0 0.465000 0.460000 0.050000 0.100000
0 0.550000 0.488333 0.020000 0.030000
0 0.636667 0.385000 0.026667 0.030000
0 0.645000 0.421667 0.023333 0.023333
0 0.720000 0.253333 0.026667 0.033333
0 0.651667 0.920000 0.023333 0.026667
0 0.661667 0.830000 0.023333 0.033333
0 0.735000 0.366667 0.043333 0.166667
