0 0.027344 0.110996 0.039062 0.029046
0 0.021875 0.240664 0.040625 0.053942
0 0.137500 0.404046 0.068750 0.115145
0 0.133594 0.545643 0.060938 0.064315
0 0.124219 0.696058 0.064062 0.107884
0 0.110156 0.188797 0.042188 0.060166
0 0.371875 0.199170 0.040625 0.064315
0 0.374219 0.440353 0.067188 0.073651
0 0.452344 0.395747 0.042188 0.073651
0 0.481250 0.268154 0.040625 0.061203
0 0.225000 0.756743 0.065625 0.040456
0 0.378125 0.580394 0.040625 0.034232
0 0.507031 0.583506 0.051562 0.061203
0 0.483594 0.164938 0.045313 0.082988
0 0.514063 0.111515 0.053125 0.059129
0 0.678906 0.080394 0.051562 0.094398
0 0.625781 0.375519 0.039062 0.049793
0 0.534375 0.224066 0.062500 0.058091
0 0.366406 0.946058 0.057813 0.060166
0 0.657031 0.650415 0.045313 0.035270
0 0.876562 0.463693 0.059375 0.053942
0 0.531250 0.802905 0.053125 0.041494
0 0.582812 0.806535 0.040625 0.050830
0 0.978906 0.330394 0.042188 0.090249
0 0.861719 0.975104 0.060938 0.033195
0 0.883594 0.887448 0.048437 0.054979
0 0.438281 0.756224 0.048437 0.039419
0 0.288281 0.738071 0.026563 0.028008
