1 0.27666666666666667 0.445 0.14 0.11666666666666667
1 0.24166666666666667 0.36000000000000004 0.09666666666666668 0.09333333333333334
1 0.15166666666666667 0.2783333333333334 0.08333333333333334 0.06333333333333334
1 0.18333333333333335 0.22833333333333336 0.08 0.08333333333333334
1 0.13 0.16666666666666669 0.06666666666666667 0.06666666666666667
1 0.3516666666666667 0.27 0.11 0.12000000000000001
1 0.3433333333333334 0.3383333333333334 0.08666666666666667 0.07666666666666667
1 0.39 0.39333333333333337 0.08666666666666667 0.09333333333333334
1 0.35000000000000003 0.6033333333333334 0.060000000000000005 0.09333333333333334
1 0.405 0.5800000000000001 0.05666666666666667 0.06666666666666667
1 0.46 0.5766666666666667 0.07333333333333333 0.07333333333333333
1 0.18333333333333335 0.12333333333333334 0.11333333333333334 0.08
1 0.7916666666666667 0.8483333333333334 0.09666666666666668 0.11666666666666667
