0 0.4783333333333334 0.42500000000000004 0.18333333333333335 0.09000000000000001
0 0.6333333333333334 0.9716666666666667 0.13333333333333333 0.05666666666666667
0 0.6983333333333334 0.9466666666666668 0.12333333333333334 0.060000000000000005
0 0.55 0.9 0.060000000000000005 0.02666666666666667
0 0.29833333333333334 0.8383333333333334 0.07 0.043333333333333335
0 0.5983333333333334 0.9333333333333333 0.05666666666666667 0.02666666666666667
0 0.07333333333333333 0.13833333333333334 0.04666666666666667 0.030000000000000002
0 0.29833333333333334 0.07500000000000001 0.05 0.03666666666666667
0 0.6900000000000001 0.6166666666666667 0.060000000000000005 0.04
0 0.4666666666666667 0.7433333333333334 0.060000000000000005 0.04
