0 0.06953125 0.390625 0.1390625 0.165625
0 0.50703125 0.93046875 0.1109375 0.1390625
0 0.0890625 0.65625 0.103125 0.11328125
0 0.49296875 0.54296875 0.0984375 0.1734375
0 0.50859375 0.13203125 0.09609375 0.15390625
0 0.8109375 0.65234375 0.08671875 0.1421875
0 0.2921875 0.521875 0.1421875 0.1875
0 0.7125 0.24765625 0.0890625 0.103125
0 0.09609375 0.26953125 0.11328125 0.1203125
0 0.24765625 0.08515625 0.1390625 0.1421875
0 0.05625 0.77265625 0.1078125 0.16796875
0 0.25703125 0.93515625 0.08671875 0.11328125
0 0.0453125 0.54375 0.090625 0.13125
0 0.64296875 0.3296875 0.071875 0.10078125
0 0.6515625 0.13828125 0.10078125 0.11796875
0 0.62734375 0.2296875 0.0796875 0.0890625
0 0.6828125 0.86328125 0.07421875 0.2046875
0 0.24765625 0.678125 0.084375 0.0890625
0 0.5296875 0.73203125 0.06953125 0.0984375
0 0.0625 0.81484375 0.0890625 0.08203125
0 0.66953125 0.978125 0.0453125 0.040625
0 0.2640625 0.98671875 0.10078125 0.0265625
0 0.2953125 0.9828125 0.12734375 0.03359375