0 0.47109375 0.33046875 0.1515625 0.1703125
0 0.48046875 0.56484375 0.134375 0.17578125
0 0.79453125 0.77265625 0.12265625 0.1296875
0 0.74375 0.64921875 0.13671875 0.146875
0 0.64921875 0.2234375 0.21640625 0.12734375
0 0.7953125 0.36328125 0.16796875 0.1609375
0 0.61328125 0.86875 0.14453125 0.20703125
0 0.30546875 0.17578125 0.09140625 0.1109375
0 0.8859375 0.57578125 0.1203125 0.0890625
0 0.56875 0.3890625 0.0796875 0.0578125
0 0.78359375 0.19453125 0.103125 0.14921875
0 0.19921875 0.0375 0.1609375 0.07421875
0 0.78984375 0.4515625 0.12265625 0.08671875
0 0.609375 0.47734375 0.10078125 0.07421875