0 0.5640625 0.58046875 0.23046875 0.165625
0 0.6421875 0.33984375 0.1203125 0.165625
0 0.36796875 0.6890625 0.23828125 0.1421875
0 0.21640625 0.54921875 0.1609375 0.1390625
0 0.38125 0.17890625 0.115625 0.11328125
0 0.55390625 0.1109375 0.1734375 0.1734375
0 0.24140625 0.4421875 0.15859375 0.084375
0 0.38125 0.3015625 0.15625 0.1703125
0 0.796875 0.71640625 0.16328125 0.11328125
0 0.484375 0.41484375 0.14921875 0.1203125
0 0.80390625 0.890625 0.19453125 0.1421875
0 0.19140625 0.3390625 0.11328125 0.103125
0 0.21640625 0.8171875 0.12734375 0.10546875
0 0.17421875 0.678125 0.13671875 0.12265625
0 0.025 0.49765625 0.05 0.1921875