0 0.396875 0.42578125 0.19453125 0.18046875
0 0.36171875 0.6359375 0.12734375 0.15390625
0 0.790625 0.4515625 0.23046875 0.14921875
0 0.71171875 0.7546875 0.2359375 0.24296875
0 0.68125 0.296875 0.321875 0.1609375
0 0.21484375 0.103125 0.146875 0.14453125
0 0.225 0.27890625 0.15625 0.1203125
0 0.421875 0.85234375 0.125 0.0984375
0 0.5109375 0.48046875 0.09609375 0.0625
0 0.08515625 0.1 0.14921875 0.115625
0 0.50625 0.5578125 0.13671875 0.084375
0 0.6703125 0.69609375 0.14453125 0.11328125
0 0.96171875 0.57421875 0.0765625 0.28359375