0 0.8390625 0.89296875 0.2640625 0.2140625
0 0.77734375 0.69453125 0.178125 0.16328125
0 0.4125 0.703125 0.16796875 0.1734375
0 0.603125 0.7328125 0.15859375 0.1828125
0 0.5734375 0.29453125 0.18984375 0.1421875
0 0.48671875 0.43125 0.084375 0.0765625
0 0.29453125 0.2234375 0.13671875 0.10546875
0 0.31640625 0.56953125 0.2046875 0.12734375
0 0.34765625 0.4625 0.09375 0.0890625
0 0.27734375 0.4515625 0.2359375 0.1078125
0 0.5875 0.490625 0.14453125 0.10546875
0 0.26953125 0.2875 0.125 0.11796875
0 0.54296875 0.8859375 0.1421875 0.0890625
0 0.421875 0.48671875 0.084375 0.08203125
0 0.34375 0.37265625 0.08671875 0.0765625
0 0.1828125 0.165625 0.1421875 0.115625
0 0.7390625 0.55859375 0.1609375 0.09609375
0 0.1421875 0.05625 0.1625 0.1125
0 0.03125 0.00859375 0.0625 0.0171875