0 0.78984375 0.45078125 0.2359375 0.1515625
0 0.72109375 0.7515625 0.2546875 0.240625
0 0.359375 0.6359375 0.13203125 0.1609375
0 0.396875 0.42421875 0.196875 0.178125
0 0.68125 0.296875 0.3296875 0.1609375
0 0.2140625 0.10546875 0.1421875 0.13671875
0 0.415625 0.85078125 0.1203125 0.0984375
0 0.51171875 0.48203125 0.08671875 0.06484375
0 0.22578125 0.28125 0.15859375 0.12265625
0 0.50703125 0.55859375 0.13671875 0.08203125
0 0.0890625 0.10078125 0.134375 0.1109375
0 0.971875 0.5265625 0.05625 0.2