0 0.478125 0.5640625 0.1296875 0.16796875
0 0.65234375 0.2234375 0.209375 0.12734375
0 0.47265625 0.32578125 0.14921875 0.16796875
0 0.79296875 0.3640625 0.16796875 0.1609375
0 0.56953125 0.38828125 0.07421875 0.0578125
0 0.6078125 0.87109375 0.1421875 0.21875
0 0.790625 0.77421875 0.12734375 0.125
0 0.8859375 0.578125 0.125 0.08671875
0 0.3078125 0.171875 0.09140625 0.11328125
0 0.74375 0.6421875 0.12734375 0.134375
0 0.7859375 0.45078125 0.125 0.08671875
0 0.19453125 0.0359375 0.15390625 0.071875
0 0.78359375 0.1984375 0.10546875 0.14921875
0 0.6109375 0.47734375 0.103125 0.07421875