0 0.459375 0.28125 0.2453125 0.25
0 0.23828125 0.39921875 0.19921875 0.1734375
0 0.57578125 0.34765625 0.08203125 0.0890625
0 0.70703125 0.25234375 0.13203125 0.16328125
0 0.20703125 0.76328125 0.21171875 0.16328125
0 0.16796875 0.6203125 0.209375 0.16328125
0 0.47734375 0.5734375 0.103125 0.09609375
0 0.06953125 0.51796875 0.09140625 0.12734375
0 0.0515625 0.7875 0.103125 0.1390625
0 0.38828125 0.7078125 0.08671875 0.07421875
0 0.04921875 0.6671875 0.0984375 0.1078125
0 0.4546875 0.4125 0.07421875 0.06953125