0 0.51796875 0.55390625 0.10546875 0.09375
0 0.7640625 0.5328125 0.1515625 0.12734375
0 0.26796875 0.453125 0.1734375 0.115625
0 0.4484375 0.4015625 0.1296875 0.09609375
0 0.4703125 0.1078125 0.12734375 0.09375
0 0.171875 0.0921875 0.178125 0.1734375
0 0.39453125 0.51953125 0.1515625 0.16328125
0 0.4734375 0.0328125 0.08671875 0.06015625
0 0.6625 0.428125 0.165625 0.1109375
0 0.2328125 0.2984375 0.16328125 0.1921875
0 0.6453125 0.60703125 0.103125 0.084375
0 0.42890625 0.7046875 0.1921875 0.18984375
0 0.58671875 0.28359375 0.14453125 0.18046875
0 0.3765625 0.2390625 0.13671875 0.1734375
0 0.8125 0.81953125 0.16796875 0.1203125
0 0.7515625 0.709375 0.1828125 0.10078125
0 0.3265625 0.10546875 0.10078125 0.09375
0 0.85 0.9390625 0.15625 0.115625
0 0.68984375 0.775 0.1296875 0.1203125
0 0.646875 0.5296875 0.0796875 0.08671875
0 0.58046875 0.4953125 0.0671875 0.07421875