0 0.8328125 0.88203125 0.334375 0.23046875
0 0.165625 0.12109375 0.09375 0.06953125
0 0.55390625 0.5875 0.11796875 0.0796875
0 0.10546875 0.0734375 0.209375 0.14453125
0 0.29921875 0.45546875 0.15859375 0.13671875
0 0.396875 0.56484375 0.15625 0.115625
0 0.6078125 0.765625 0.3390625 0.25703125
0 0.5046875 0.4078125 0.2453125 0.125
0 0.23203125 0.18125 0.0765625 0.08203125
0 0.54296875 0.490625 0.12734375 0.084375
0 0.23203125 0.2640625 0.0796875 0.06015625
0 0.3171875 0.32421875 0.09140625 0.15625
0 0.25625 0.32578125 0.0765625 0.08203125
0 0.80625 0.96484375 0.2859375 0.06953125