0 0.1703125 0.09375 0.18515625 0.1734375
0 0.7640625 0.52890625 0.15390625 0.12734375
0 0.8140625 0.82109375 0.16328125 0.11796875
0 0.84765625 0.9359375 0.18515625 0.12734375
0 0.2328125 0.30078125 0.1609375 0.1921875
0 0.4484375 0.40625 0.12734375 0.10078125
0 0.51953125 0.5578125 0.10546875 0.09140625
0 0.5890625 0.28359375 0.146875 0.18046875
0 0.46875 0.1078125 0.1296875 0.09375
0 0.66328125 0.42890625 0.1609375 0.1078125
0 0.578125 0.4953125 0.06953125 0.0671875
0 0.3765625 0.23828125 0.1421875 0.17578125
0 0.7546875 0.7078125 0.18046875 0.103125
0 0.43359375 0.7046875 0.196875 0.18984375
0 0.64296875 0.603125 0.1109375 0.09140625
0 0.3296875 0.1046875 0.10078125 0.0984375
0 0.26796875 0.45078125 0.18046875 0.115625
0 0.69140625 0.775 0.125 0.1203125
0 0.3921875 0.52734375 0.1609375 0.18046875
0 0.4703125 0.0296875 0.08125 0.059375
0 0.646875 0.5328125 0.0765625 0.084375
0 0.971875 0.98515625 0.05625 0.0296875