0 0.06953125 0.390625 0.13671875 0.16328125
0 0.50859375 0.13203125 0.09609375 0.14921875
0 0.2921875 0.51953125 0.13203125 0.17578125
0 0.0453125 0.54375 0.090625 0.128125
0 0.8109375 0.65390625 0.08203125 0.1421875
0 0.50859375 0.93046875 0.103125 0.1390625
0 0.09765625 0.2703125 0.1109375 0.11796875
0 0.7125 0.24609375 0.08671875 0.10078125
0 0.0875 0.6578125 0.0984375 0.1078125
0 0.49296875 0.5421875 0.09375 0.165625
0 0.0578125 0.771875 0.103125 0.16328125
0 0.6265625 0.228125 0.07421875 0.08671875
0 0.25703125 0.93359375 0.08203125 0.10546875
0 0.64296875 0.33046875 0.071875 0.09609375
0 0.65 0.13671875 0.09609375 0.11796875
0 0.2484375 0.08984375 0.12734375 0.12734375
0 0.0625 0.81640625 0.084375 0.07421875
0 0.68046875 0.865625 0.06484375 0.19921875
0 0.24765625 0.67578125 0.0796875 0.084375
0 0.5296875 0.7296875 0.06484375 0.09375
0 0.66953125 0.97734375 0.04296875 0.04296875
0 0.30546875 0.98515625 0.1078125 0.0296875
0 0.26015625 0.98515625 0.0890625 0.0296875