0 0.35703125 0.78359375 0.21171875 0.11796875
0 0.1921875 0.53359375 0.14453125 0.07421875
0 0.19921875 0.6390625 0.1421875 0.13203125
0 0.41484375 0.525 0.10546875 0.08203125
0 0.44453125 0.5921875 0.10546875 0.07421875
0 0.5140625 0.67578125 0.11328125 0.1703125
0 0.2078125 0.7828125 0.11328125 0.1109375
0 0.51328125 0.40234375 0.11796875 0.1828125
0 0.13359375 0.41484375 0.11328125 0.09609375
0 0.71015625 0.8078125 0.09609375 0.0671875
0 0.240625 0.3578125 0.1296875 0.14453125
0 0.82890625 0.95859375 0.2046875 0.0828125
0 0.196875 0.1890625 0.11328125 0.11328125