0 0.44609375 0.59375 0.1078125 0.07421875
0 0.3546875 0.78515625 0.20703125 0.11796875
0 0.50859375 0.6765625 0.1109375 0.16796875
0 0.196875 0.6390625 0.13671875 0.13671875
0 0.51953125 0.39765625 0.10078125 0.1828125
0 0.2078125 0.78359375 0.11328125 0.115625
0 0.2234375 0.1984375 0.134375 0.13203125
0 0.70703125 0.80625 0.10078125 0.06484375
0 0.23828125 0.3484375 0.11328125 0.15859375
0 0.115625 0.41796875 0.16796875 0.09609375
0 0.19375 0.52734375 0.1421875 0.0765625
0 0.41328125 0.525 0.11796875 0.08203125