0 0.55859375 0.37265625 0.11796875 0.1703125
0 0.4578125 0.2609375 0.12734375 0.15625
0 0.37265625 0.37734375 0.08671875 0.10546875
0 0.70078125 0.453125 0.18046875 0.1609375
0 0.2703125 0.58515625 0.196875 0.19921875
0 0.48671875 0.4515625 0.071875 0.071875
0 0.6703125 0.81484375 0.21171875 0.18515625
0 0.4546875 0.38203125 0.0890625 0.0890625
0 0.1703125 0.1984375 0.12734375 0.1703125
0 0.9421875 0.584375 0.06015625 0.084375
0 0.571875 0.5875 0.103125 0.13203125
0 0.51328125 0.7765625 0.11328125 0.16796875
0 0.73671875 0.6703125 0.1921875 0.15859375
0 0.86796875 0.584375 0.10078125 0.12734375
0 0.45546875 0.6453125 0.17578125 0.17578125
0 0.42421875 0.50703125 0.09375 0.10546875
0 0.86875 0.88203125 0.17578125 0.1921875
0 0.2796875 0.2703125 0.115625 0.1828125
0 0.2125 0.3234375 0.1296875 0.134375
0 0.865625 0.72734375 0.0890625 0.09609375
0 0.06015625 0.1546875 0.11796875 0.1734375
0 0.4375 0.6109375 0.1109375 0.0984375