0 0.8375 0.89296875 0.271875 0.2140625
0 0.77890625 0.696875 0.18046875 0.15859375
0 0.484375 0.4328125 0.08671875 0.0765625
0 0.603125 0.73203125 0.16328125 0.178125
0 0.4125 0.70546875 0.16796875 0.178125
0 0.29296875 0.225 0.14453125 0.10546875
0 0.31484375 0.56953125 0.2046875 0.1296875
0 0.571875 0.2953125 0.19921875 0.14921875
0 0.4234375 0.4859375 0.08671875 0.08671875
0 0.34375 0.4625 0.09609375 0.0890625
0 0.34375 0.37265625 0.0890625 0.08203125
0 0.26796875 0.2859375 0.12265625 0.115625
0 0.2796875 0.4515625 0.2359375 0.11328125
0 0.540625 0.884375 0.14453125 0.0890625
0 0.1765625 0.16328125 0.134375 0.11796875
0 0.73828125 0.5640625 0.16796875 0.10546875
0 0.584375 0.490625 0.13203125 0.103125
0 0.140625 0.05546875 0.178125 0.1109375
0 0.02890625 0.01171875 0.0578125 0.0234375