0 0.23828125 0.3453125 0.11796875 0.16328125
0 0.3546875 0.78359375 0.21171875 0.1203125
0 0.50703125 0.678125 0.11328125 0.1703125
0 0.44375 0.5953125 0.103125 0.071875
0 0.5203125 0.396875 0.10546875 0.18046875
0 0.196875 0.640625 0.14453125 0.1390625
0 0.22265625 0.20078125 0.13203125 0.12734375
0 0.18984375 0.5296875 0.1515625 0.0796875
0 0.11796875 0.4203125 0.1609375 0.103125
0 0.20703125 0.78359375 0.11328125 0.11328125
0 0.41484375 0.525 0.1109375 0.08203125
0 0.70703125 0.80625 0.09609375 0.06484375
0 0.82421875 0.953125 0.196875 0.09140625