2 0.4015625 0.39296875 0.12265625 0.103125
2 0.88203125 0.18984375 0.09609375 0.08203125
2 0.8171875 0.05078125 0.071875 0.05546875
2 0.0578125 0.83671875 0.053125 0.05078125
2 0.34609375 0.5515625 0.0484375 0.04296875
2 0.78515625 0.43984375 0.0484375 0.040625
2 0.02734375 0.91015625 0.053125 0.06484375
2 0.47265625 0.29921875 0.05546875 0.040625
2 0.24296875 0.51171875 0.053125 0.040625
2 0.1625 0.56875 0.04296875 0.04296875
2 0.73828125 0.05859375 0.04296875 0.03828125
2 0.07109375 0.646875 0.03125 0.03125
2 0.55078125 0.14296875 0.03828125 0.0359375
2 0.05390625 0.790625 0.0453125 0.040625
2 0.14765625 0.80546875 0.0484375 0.04296875
2 0.6875 0.125 0.0453125 0.040625
2 0.6921875 0.453125 0.0484375 0.040625
2 0.75234375 0.21015625 0.040625 0.040625