2 0.6234375 0.65390625 0.15859375 0.11796875
2 0.66953125 0.83671875 0.21171875 0.16328125
2 0.73671875 0.1875 0.14921875 0.1078125
2 0.8484375 0.5984375 0.146875 0.1078125
2 0.3015625 0.56484375 0.09140625 0.0578125
2 0.3921875 0.75 0.1390625 0.0890625
2 0.69375 0.4890625 0.0765625 0.06015625
2 0.25390625 0.03828125 0.1609375 0.0765625
2 0.228125 0.66796875 0.13203125 0.08671875
2 0.17421875 0.896875 0.084375 0.0578125
2 0.72265625 0.9796875 0.09609375 0.040625
2 0.9671875 0.21640625 0.0625 0.071875
2 0.64765625 0.02890625 0.12265625 0.03828125