2 0.3765625 0.5359375 0.134375 0.14921875
2 0.35703125 0.04296875 0.1203125 0.0859375
2 0.209375 0.03984375 0.071875 0.0765625
2 0.4203125 0.7484375 0.0578125 0.0578125
2 0.3078125 0.44921875 0.053125 0.0578125
2 0.5421875 0.41953125 0.06015625 0.05546875
2 0.4828125 0.9546875 0.0453125 0.0484375
2 0.5515625 0.2171875 0.0484375 0.05546875
2 0.4984375 0.66328125 0.06484375 0.0578125
2 0.27890625 0.50625 0.05078125 0.0484375
2 0.4328125 0.66953125 0.0578125 0.053125
2 0.5375 0.30078125 0.0578125 0.053125
2 0.51328125 0.5 0.0625 0.05546875
2 0.71015625 0.5609375 0.0671875 0.0578125
2 0.49140625 0.31484375 0.05546875 0.0484375
2 0.225 0.41015625 0.0453125 0.04296875
2 0.4359375 0.615625 0.0484375 0.04296875
2 0.3953125 0.275 0.05546875 0.05078125
2 0.14453125 0.3109375 0.05078125 0.05078125
2 0.63359375 0.5796875 0.06015625 0.053125
2 0.5171875 0.35546875 0.053125 0.0484375
2 0.334375 0.64921875 0.05546875 0.0484375