0 0.63203125 0.25 0.3125 0.25
0 0.3921875 0.5578125 0.15390625 0.15390625
0 0.62109375 0.44375 0.33671875 0.259375
2 0.65859375 0.7140625 0.1203125 0.11328125
2 0.7828125 0.07421875 0.10546875 0.0984375
2 0.47109375 0.73046875 0.146875 0.1390625
2 0.79921875 0.47734375 0.09609375 0.0984375
2 0.22578125 0.96953125 0.0890625 0.0609375
2 0.0421875 0.56015625 0.0796875 0.0890625
2 0.81640625 0.759375 0.0796875 0.06953125
2 0.40625 0.94375 0.0890625 0.0765625
2 0.15 0.27734375 0.06953125 0.0625
2 0.4578125 0.03984375 0.17578125 0.0796875
2 0.66328125 0.03828125 0.0671875 0.06484375
2 0.290625 0.2875 0.0890625 0.071875
2 0.09375 0.3140625 0.06484375 0.06015625
2 0.41015625 0.3078125 0.0671875 0.05546875
2 0.28125 0.45703125 0.05078125 0.0484375
2 0.228125 0.3703125 0.09140625 0.0765625