2 0.69609375 0.1609375 0.19921875 0.15390625
2 0.54453125 0.72578125 0.084375 0.08203125
2 0.76328125 0.4125 0.11796875 0.09609375
2 0.4734375 0.3796875 0.1828125 0.1203125
2 0.53515625 0.2296875 0.10546875 0.10078125
2 0.54453125 0.3234375 0.146875 0.11328125
2 0.76953125 0.2984375 0.0984375 0.084375
2 0.334375 0.4515625 0.10546875 0.08671875
2 0.31875 0.240625 0.0625 0.05546875
2 0.6296875 0.77265625 0.071875 0.0625
2 0.62265625 0.6203125 0.053125 0.0453125
2 0.6234375 0.50703125 0.0625 0.05546875
2 0.63671875 0.5765625 0.06015625 0.053125
2 0.5640625 0.8859375 0.05546875 0.0453125