2 0.40234375 0.3921875 0.12265625 0.10078125
2 0.88203125 0.1890625 0.09375 0.08203125
2 0.78515625 0.44140625 0.0484375 0.040625
2 0.81640625 0.05078125 0.06953125 0.053125
2 0.0578125 0.83671875 0.053125 0.05078125
2 0.34609375 0.5515625 0.0484375 0.04296875
2 0.47265625 0.30078125 0.05546875 0.03828125
2 0.0265625 0.91015625 0.053125 0.0671875
2 0.24296875 0.51171875 0.05078125 0.03828125
2 0.740625 0.05859375 0.03828125 0.03828125
2 0.6921875 0.4515625 0.0453125 0.040625
2 0.15859375 0.56640625 0.0359375 0.03828125
2 0.07109375 0.646875 0.03125 0.03125
2 0.428125 0.7796875 0.040625 0.03828125
2 0.54921875 0.14296875 0.0359375 0.0359375
2 0.6875 0.125 0.0453125 0.040625
2 0.14765625 0.80546875 0.0484375 0.04296875
2 0.68046875 0.078125 0.03359375 0.03125