2 0.6765625 0.16328125 0.1875 0.134375
2 0.234375 0.9515625 0.1734375 0.09609375
2 0.85703125 0.4578125 0.178125 0.115625
2 0.18984375 0.09140625 0.09609375 0.0578125
2 0.7125 0.82109375 0.125 0.10078125
2 0.2984375 0.428125 0.08671875 0.05078125
2 0.64765625 0.3578125 0.13671875 0.09375
2 0.41015625 0.2484375 0.1203125 0.06484375
2 0.68359375 0.521875 0.06484375 0.0453125
2 0.2140625 0.32578125 0.07421875 0.05546875
2 0.1765625 0.02890625 0.35078125 0.05546875
2 0.52421875 0.02421875 0.08203125 0.0484375
2 0.7125 0.03125 0.13203125 0.0625
2 0.3390625 0.01953125 0.18984375 0.03828125
2 0.9578125 0.8140625 0.084375 0.06484375
2 0.25234375 0.02421875 0.18984375 0.0484375