2 0.6703125 0.94921875 0.24765625 0.10078125
2 0.47578125 0.4234375 0.178125 0.084375
2 0.5453125 0.896875 0.06953125 0.03828125
2 0.69140625 0.6140625 0.06484375 0.040625
2 0.29296875 0.83515625 0.071875 0.053125
2 0.29921875 0.07578125 0.04296875 0.03359375
2 0.06953125 0.13828125 0.03828125 0.03359375
2 0.46015625 0.740625 0.06953125 0.0484375
2 0.053125 0.13671875 0.02890625 0.03359375
2 0.37734375 0.1234375 0.03359375 0.0359375
2 0.5734375 0.35546875 0.0578125 0.0453125
2 0.47109375 0.1828125 0.0359375 0.0359375