2 0.50390625 0.35703125 0.09140625 0.0984375
2 0.33203125 0.5890625 0.071875 0.0796875
2 0.4015625 0.58671875 0.07421875 0.06015625
2 0.71171875 0.4203125 0.06484375 0.10078125
2 0.36171875 0.6515625 0.08203125 0.09375
2 0.4046875 0.12890625 0.06953125 0.0984375
2 0.6921875 0.29921875 0.05546875 0.0765625
2 0.07421875 0.115625 0.0578125 0.07421875
2 0.12265625 0.4421875 0.0453125 0.053125
2 0.634375 0.2484375 0.04296875 0.0625
2 0.1984375 0.353125 0.05078125 0.07421875
2 0.34609375 0.4046875 0.053125 0.06953125
2 0.7515625 0.5421875 0.05078125 0.06953125
2 0.303125 0.140625 0.053125 0.06015625