0 0.365625 0.5328125 0.29296875 0.21640625
0 0.25703125 0.38125 0.2671875 0.196875
0 0.625 0.49765625 0.1296875 0.12265625
2 0.65390625 0.6765625 0.12734375 0.125
2 0.4890625 0.7703125 0.10546875 0.0984375
2 0.5453125 0.20703125 0.07421875 0.0578125
2 0.91484375 0.2828125 0.06484375 0.0671875
2 0.26328125 0.071875 0.12265625 0.08671875
2 0.2390625 0.65390625 0.0796875 0.0765625
2 0.03125 0.3140625 0.0625 0.0796875
2 0.38671875 0.89453125 0.071875 0.06015625
2 0.8328125 0.80859375 0.08203125 0.06484375
2 0.66328125 0.11640625 0.06484375 0.0578125
2 0.95625 0.89375 0.0875 0.065625
2 0.46015625 0.28984375 0.05546875 0.0484375
2 0.978125 0.734375 0.04296875 0.06953125
2 0.1078125 0.21875 0.06015625 0.0484375
2 0.6546875 0.3375 0.03828125 0.03828125