2 0.6765625 0.1625 0.1921875 0.134375
2 0.23203125 0.94921875 0.1734375 0.10078125
2 0.853125 0.45703125 0.17578125 0.1109375
2 0.71484375 0.821875 0.13671875 0.10546875
2 0.646875 0.3609375 0.1421875 0.09609375
2 0.1890625 0.08984375 0.0984375 0.0625
2 0.2984375 0.42578125 0.09140625 0.053125
2 0.40625 0.2484375 0.12265625 0.06953125
2 0.68359375 0.5203125 0.06953125 0.0484375
2 0.17265625 0.02734375 0.3453125 0.0546875
2 0.21484375 0.32578125 0.0765625 0.05546875
2 0.7015625 0.03515625 0.178125 0.06953125
2 0.53359375 0.0265625 0.09609375 0.05078125
2 0.3421875 0.0203125 0.1828125 0.040625