2 0.51328125 0.32109375 0.09375 0.1109375
2 0.290625 0.68046875 0.0453125 0.0625
2 0.50859375 0.4546875 0.05546875 0.071875
2 0.37890625 0.24296875 0.05078125 0.0625
2 0.42578125 0.615625 0.06484375 0.08203125
2 0.46171875 0.2515625 0.053125 0.0765625
2 0.4 0.7359375 0.05546875 0.06484375
2 0.16328125 0.55390625 0.05078125 0.06953125
2 0.24609375 0.5984375 0.05078125 0.0671875
2 0.24765625 0.53359375 0.0453125 0.05546875
2 0.62734375 0.25625 0.0484375 0.05078125
2 0.1234375 0.57109375 0.03828125 0.05546875
2 0.553125 0.5921875 0.05078125 0.06484375