2 0.625 0.4328125 0.12265625 0.13203125
2 0.884375 0.9015625 0.05546875 0.0765625
2 0.71015625 0.5109375 0.0578125 0.0578125
2 0.73671875 0.9375 0.0890625 0.103125
2 0.4796875 0.3390625 0.05546875 0.05078125
2 0.5375 0.24609375 0.05078125 0.0578125
2 0.44140625 0.053125 0.03828125 0.04296875
2 0.51171875 0.7015625 0.0484375 0.04296875
2 0.5109375 0.79296875 0.03828125 0.04296875
2 0.41796875 0.1671875 0.053125 0.0484375
2 0.525 0.39453125 0.06015625 0.05546875
2 0.321875 0.396875 0.06953125 0.06015625
2 0.703125 0.5953125 0.0625 0.05546875
2 0.28125 0.43125 0.0484375 0.05078125
2 0.64453125 0.67890625 0.053125 0.0453125
2 0.7921875 0.5328125 0.03828125 0.040625
2 0.5890625 0.2953125 0.0453125 0.040625
2 0.24453125 0.025 0.0453125 0.05
2 0.30625 0.0109375 0.04296875 0.021875
2 0.240625 0.3734375 0.0453125 0.04296875
2 0.8796875 0.75703125 0.03828125 0.0359375