2 0.5671875 0.25390625 0.1828125 0.10546875
2 0.69140625 0.3640625 0.09140625 0.0765625
2 0.203125 0.96484375 0.3078125 0.06953125
2 0.3015625 0.42578125 0.0484375 0.08203125
2 0.21484375 0.609375 0.05546875 0.0578125
2 0.11328125 0.734375 0.09140625 0.06953125
2 0.44921875 0.31640625 0.0578125 0.0484375
2 0.5265625 0.0578125 0.04296875 0.04296875
2 0.36328125 0.94140625 0.06015625 0.04296875
2 0.4109375 0.12109375 0.02890625 0.02890625
2 0.0296875 0.75703125 0.053125 0.05078125
2 0.33671875 0.22578125 0.0359375 0.03359375