2 0.5578125 0.54296875 0.13671875 0.2015625
2 0.1234375 0.18125 0.1515625 0.24765625
2 0.2671875 0.453125 0.05546875 0.06953125
2 0.46015625 0.28515625 0.06015625 0.07421875
2 0.83203125 0.8390625 0.0484375 0.0671875
2 0.2296875 0.5734375 0.05546875 0.071875
2 0.14765625 0.321875 0.0578125 0.06953125
2 0.1140625 0.58046875 0.0578125 0.07421875
2 0.5484375 0.3484375 0.06015625 0.06484375
2 0.7203125 0.5421875 0.053125 0.053125
2 0.67421875 0.484375 0.06015625 0.06484375
2 0.396875 0.60546875 0.09609375 0.09609375