1 0.18500000000000003 0.17333333333333334 0.13 0.08
1 0.29833333333333334 0.22833333333333336 0.11 0.13
1 0.22666666666666668 0.2966666666666667 0.16666666666666669 0.12666666666666668
1 0.33666666666666667 0.37333333333333335 0.08 0.10666666666666667
1 0.35000000000000003 0.4683333333333334 0.09333333333333334 0.09666666666666668
1 0.255 0.515 0.16333333333333333 0.23
1 0.31833333333333336 0.5866666666666667 0.06333333333333334 0.08666666666666667
1 0.3616666666666667 0.5466666666666667 0.07666666666666667 0.1
1 0.37833333333333335 0.6533333333333333 0.08333333333333334 0.08666666666666667
1 0.535 0.77 0.06333333333333334 0.08
1 0.6083333333333334 0.7466666666666667 0.14333333333333334 0.16
1 0.535 0.8700000000000001 0.15666666666666668 0.15333333333333335
1 0.5766666666666667 0.5016666666666667 0.13333333333333333 0.11
1 0.14833333333333334 0.05333333333333334 0.13 0.1
