0 0.07815845824411136 0.10576923076923078 0.06638115631691649 0.19230769230769232
0 0.11777301927194861 0.6009615384615385 0.034261241970021415 0.16346153846153846
0 0.04068522483940043 0.8173076923076924 0.07708779443254818 0.25
0 0.3094218415417559 0.8509615384615385 0.10064239828693791 0.16346153846153846
0 0.1777301927194861 0.1201923076923077 0.05139186295503212 0.08653846153846154
0 0.24411134903640258 0.22596153846153846 0.059957173447537475 0.16346153846153846
0 0.19271948608137046 0.6778846153846154 0.02569593147751606 0.22115384615384617
0 0.4197002141327623 0.639423076923077 0.03854389721627409 0.20192307692307693
0 0.367237687366167 0.14903846153846154 0.023554603854389723 0.125
0 0.5396145610278373 0.7596153846153847 0.08565310492505354 0.11538461538461539
0 0.4989293361884369 0.20192307692307693 0.02569593147751606 0.13461538461538464
0 0.6766595289079229 0.10576923076923078 0.03854389721627409 0.17307692307692307
0 0.6766595289079229 0.8605769230769231 0.08993576017130621 0.125
0 0.6970021413276232 0.6586538461538461 0.09635974304068523 0.2403846153846154
0 0.879014989293362 0.701923076923077 0.04068522483940043 0.3076923076923077
0 0.9528907922912206 0.5865384615384616 0.0556745182012848 0.15384615384615385
0 0.9411134903640257 0.2355769230769231 0.049250535331905786 0.22115384615384617
0 0.8329764453961457 0.3894230769230769 0.02569593147751606 0.1826923076923077
0 0.7708779443254818 0.22115384615384617 0.034261241970021415 0.13461538461538464
0 0.43576017130620986 0.38461538461538464 0.032119914346895075 0.15384615384615385
0 0.417558886509636 0.09134615384615385 0.03854389721627409 0.16346153846153846
0 0.5813704496788009 0.3605769230769231 0.044967880085653104 0.14423076923076925
0 0.6124197002141328 0.16826923076923078 0.04282655246252677 0.22115384615384617
