1 0.19333333333333336 0.5316666666666667 0.14666666666666667 0.07666666666666667
1 0.12166666666666667 0.4266666666666667 0.16333333333333333 0.1
1 0.24166666666666667 0.34833333333333333 0.11666666666666667 0.16333333333333333
1 0.5216666666666667 0.4 0.10333333333333335 0.18000000000000002
1 0.19833333333333333 0.6416666666666667 0.14333333333333334 0.1366666666666667
1 0.21166666666666667 0.7866666666666667 0.11 0.11333333333333334
1 0.3566666666666667 0.7866666666666667 0.2066666666666667 0.11333333333333334
1 0.41833333333333333 0.5266666666666667 0.11 0.08
1 0.225 0.2016666666666667 0.1366666666666667 0.12333333333333334
1 0.44833333333333336 0.6000000000000001 0.10333333333333335 0.07333333333333333
1 0.5116666666666667 0.6816666666666668 0.11 0.17
1 0.7100000000000001 0.8083333333333333 0.09333333333333334 0.06333333333333334
