0 0.4890625 0.2245017584994138 0.053125000000000006 0.08792497069167643
0 0.5281250000000001 0.37397420867526376 0.0625 0.09144196951934348
0 0.44375000000000003 0.6072684642438452 0.053125000000000006 0.08206330597889801
0 0.6125 0.5228604923798358 0.059375000000000004 0.08440797186400938
0 0.6195312500000001 0.19753810082063306 0.0546875 0.03399765533411488
0 0.51015625 0.8124267291910902 0.0765625 0.13364595545134816
0 0.478125 0.9050410316529894 0.0625 0.07033997655334115
0 0.6375000000000001 0.8481828839390386 0.059375000000000004 0.07151230949589683
0 0.60078125 0.9302461899179366 0.0484375 0.09261430246189917
0 0.625 0.6277842907385697 0.0625 0.06916764361078546
0 0.6585937500000001 0.6729191090269636 0.0328125 0.058616647127784284
0 0.634375 0.7116060961313012 0.040625 0.04220398593200469
0 0.6937500000000001 0.6975381008206331 0.028125 0.06330597889800703
0 0.47109375000000003 0.14712778429073856 0.0578125 0.050410316529894486
0 0.634375 0.3106682297772567 0.0625 0.056271981242672915
0 0.7039062500000001 0.34759671746776083 0.0328125 0.0574443141852286
0 0.73046875 0.3645955451348183 0.0140625 0.13599062133645953
0 0.6804687500000001 0.1324736225087925 0.029687500000000002 0.04454865181711606
0 0.53125 0.017584994138335287 0.040625 0.0328253223915592
0 0.6484375 0.06506447831184056 0.037500000000000006 0.062133645955451344
0 0.71015625 0.062133645955451344 0.0328125 0.03751465416178194
0 0.7453125 0.025205158264947243 0.0125 0.019929660023446656
0 0.6726562500000001 0.49472450175849936 0.0484375 0.07268464243845252
0 0.6843750000000001 0.5533411488862837 0.040625 0.06096131301289566
0 0.35078125000000004 0.9794841735052754 0.035937500000000004 0.03634232121922626
