0 0.5316666666666667 0.02 0.030000000000000002 0.03333333333333333
0 0.4683333333333334 0.155 0.030000000000000002 0.043333333333333335
0 0.5183333333333333 0.3866666666666667 0.07 0.1
0 0.47500000000000003 0.32666666666666666 0.030000000000000002 0.04
0 0.535 0.21500000000000002 0.030000000000000002 0.05
0 0.4866666666666667 0.22666666666666668 0.05333333333333334 0.1
0 0.6216666666666667 0.19666666666666668 0.03666666666666667 0.04666666666666667
0 0.5983333333333334 0.10666666666666667 0.030000000000000002 0.04666666666666667
0 0.685 0.135 0.043333333333333335 0.07
0 0.5850000000000001 0.05166666666666667 0.023333333333333334 0.023333333333333334
0 0.6050000000000001 0.05666666666666667 0.023333333333333334 0.02666666666666667
0 0.66 0.06833333333333334 0.03333333333333333 0.05
0 0.7066666666666667 0.06333333333333334 0.03333333333333333 0.05333333333333334
0 0.7416666666666667 0.023333333333333334 0.030000000000000002 0.03333333333333333
0 0.7433333333333334 0.19166666666666668 0.02666666666666667 0.030000000000000002
0 0.6733333333333333 0.26 0.03333333333333333 0.03333333333333333
0 0.5716666666666667 0.17833333333333334 0.023333333333333334 0.03666666666666667
0 0.6783333333333333 0.20833333333333334 0.023333333333333334 0.030000000000000002
0 0.6616666666666667 0.34500000000000003 0.023333333333333334 0.030000000000000002
0 0.6333333333333334 0.315 0.03333333333333333 0.06333333333333334
0 0.525 0.49333333333333335 0.030000000000000002 0.03333333333333333
0 0.5816666666666667 0.515 0.023333333333333334 0.03666666666666667
0 0.5883333333333334 0.3666666666666667 0.023333333333333334 0.03333333333333333
0 0.555 0.34833333333333333 0.023333333333333334 0.03666666666666667
0 0.6033333333333334 0.3066666666666667 0.02 0.03333333333333333
0 0.6716666666666667 0.405 0.030000000000000002 0.030000000000000002
0 0.6066666666666667 0.42333333333333334 0.02 0.02666666666666667
0 0.7116666666666667 0.3516666666666667 0.030000000000000002 0.05666666666666667
0 0.7083333333333334 0.4033333333333334 0.023333333333333334 0.02666666666666667
0 0.615 0.5366666666666667 0.043333333333333335 0.09333333333333334
0 0.6683333333333333 0.5 0.05 0.08
0 0.6816666666666668 0.5583333333333333 0.043333333333333335 0.07
0 0.44333333333333336 0.6133333333333334 0.06666666666666667 0.1
0 0.6283333333333334 0.8550000000000001 0.043333333333333335 0.07
0 0.6333333333333334 0.7150000000000001 0.04 0.05
0 0.6383333333333334 0.7533333333333334 0.023333333333333334 0.02666666666666667
0 0.66 0.68 0.03333333333333333 0.060000000000000005
0 0.675 0.7216666666666667 0.030000000000000002 0.05
0 0.6950000000000001 0.6933333333333334 0.043333333333333335 0.060000000000000005
0 0.5733333333333334 0.6583333333333333 0.02666666666666667 0.030000000000000002
0 0.52 0.66 0.03333333333333333 0.04666666666666667
0 0.55 0.6916666666666668 0.02666666666666667 0.030000000000000002
0 0.555 0.7266666666666667 0.030000000000000002 0.02666666666666667
0 0.5516666666666667 0.7533333333333334 0.030000000000000002 0.03333333333333333
0 0.5533333333333333 0.785 0.03333333333333333 0.030000000000000002
0 0.5566666666666668 0.8316666666666667 0.03333333333333333 0.05
0 0.5866666666666667 0.8300000000000001 0.03333333333333333 0.02666666666666667
0 0.5850000000000001 0.8533333333333334 0.030000000000000002 0.02666666666666667
0 0.6816666666666668 0.43833333333333335 0.030000000000000002 0.030000000000000002
0 0.505 0.4566666666666667 0.023333333333333334 0.02666666666666667
0 0.5700000000000001 0.2916666666666667 0.02666666666666667 0.030000000000000002
0 0.44333333333333336 0.06666666666666667 0.02666666666666667 0.03333333333333333
0 0.4783333333333334 0.9016666666666667 0.05 0.09666666666666668
0 0.5133333333333334 0.805 0.05333333333333334 0.1366666666666667
0 0.5616666666666666 0.9216666666666667 0.03666666666666667 0.05
0 0.3466666666666667 0.8450000000000001 0.02666666666666667 0.03666666666666667
0 0.36833333333333335 0.8416666666666667 0.023333333333333334 0.030000000000000002
0 0.4 0.745 0.02 0.023333333333333334
0 0.44 0.7466666666666667 0.02 0.02
0 0.42333333333333334 0.81 0.02666666666666667 0.02666666666666667
0 0.3666666666666667 0.6716666666666667 0.03333333333333333 0.030000000000000002
0 0.4066666666666667 0.6283333333333334 0.02666666666666667 0.030000000000000002
0 0.42833333333333334 0.9133333333333334 0.023333333333333334 0.03333333333333333
0 0.395 0.9116666666666667 0.030000000000000002 0.030000000000000002
0 0.55 0.9916666666666667 0.04 0.016666666666666666
0 0.5766666666666667 0.9816666666666667 0.02666666666666667 0.03666666666666667
0 0.6133333333333334 0.9 0.04 0.03333333333333333
0 0.6050000000000001 0.9416666666666668 0.05 0.06333333333333334
0 0.375 0.9466666666666668 0.023333333333333334 0.03333333333333333
0 0.44833333333333336 0.885 0.023333333333333334 0.023333333333333334
0 0.525 0.9016666666666667 0.023333333333333334 0.023333333333333334
0 0.4566666666666667 0.805 0.04 0.030000000000000002
0 0.4666666666666667 0.7816666666666667 0.02666666666666667 0.030000000000000002
0 0.35333333333333333 0.9700000000000001 0.04 0.04
0 0.3566666666666667 0.9900000000000001 0.04 0.02
0 0.515 0.9483333333333334 0.023333333333333334 0.023333333333333334
0 0.52 0.9683333333333334 0.04666666666666667 0.030000000000000002
0 0.5950000000000001 0.7200000000000001 0.023333333333333334 0.03333333333333333
0 0.6216666666666667 0.6366666666666667 0.06333333333333334 0.08
0 0.41500000000000004 0.5566666666666668 0.023333333333333334 0.02666666666666667
0 0.44333333333333336 0.55 0.02666666666666667 0.03333333333333333
0 0.4766666666666667 0.5 0.02666666666666667 0.03333333333333333
0 0.4866666666666667 0.525 0.02 0.030000000000000002
0 0.5 0.5466666666666667 0.02666666666666667 0.04666666666666667
0 0.52 0.54 0.02 0.04
0 0.545 0.5483333333333333 0.023333333333333334 0.05666666666666667
0 0.515 0.5766666666666667 0.030000000000000002 0.04
0 0.5216666666666667 0.6133333333333334 0.030000000000000002 0.05333333333333334
0 0.465 0.46 0.05 0.1
0 0.55 0.48833333333333334 0.02 0.030000000000000002
0 0.6366666666666667 0.385 0.02666666666666667 0.030000000000000002
0 0.645 0.4216666666666667 0.023333333333333334 0.023333333333333334
0 0.7200000000000001 0.25333333333333335 0.02666666666666667 0.03333333333333333
0 0.6516666666666667 0.92 0.023333333333333334 0.02666666666666667
0 0.6616666666666667 0.8300000000000001 0.023333333333333334 0.03333333333333333
0 0.7350000000000001 0.3666666666666667 0.043333333333333335 0.16666666666666669
