1 0.37833333333333335 0.24666666666666667 0.1366666666666667 0.17333333333333334
1 0.5883333333333334 0.2866666666666667 0.14333333333333334 0.18000000000000002
1 0.6616666666666667 0.43000000000000005 0.16333333333333333 0.10666666666666667
1 0.6466666666666667 0.6133333333333334 0.1 0.08
1 0.75 0.7116666666666667 0.17333333333333334 0.10333333333333335
1 0.6950000000000001 0.7733333333333334 0.13 0.11333333333333334
1 0.8183333333333334 0.8200000000000001 0.17 0.11333333333333334
1 0.8516666666666667 0.9433333333333334 0.14333333333333334 0.11333333333333334
1 0.40166666666666667 0.5216666666666667 0.14333333333333334 0.15666666666666668
1 0.27 0.4566666666666667 0.16666666666666669 0.10666666666666667
1 0.6483333333333334 0.5316666666666667 0.07666666666666667 0.09000000000000001
1 0.7633333333333334 0.5383333333333333 0.14666666666666667 0.12333333333333334
