0 0.03956834532374101 0.4060773480662983 0.05755395683453238 0.049723756906077346
0 0.25 0.2983425414364641 0.08273381294964029 0.055248618784530384
0 0.39388489208633093 0.3287292817679558 0.046762589928057555 0.049723756906077346
0 0.1366906474820144 0.56353591160221 0.06474820143884892 0.03314917127071823
0 0.025179856115107917 0.2596685082872928 0.04316546762589928 0.06629834254143646
0 0.16007194244604317 0.7154696132596685 0.06115107913669065 0.0718232044198895
0 0.21402877697841727 0.6961325966850829 0.053956834532374105 0.04419889502762431
0 0.2985611510791367 0.47790055248618785 0.04316546762589928 0.06077348066298342
0 0.35431654676258995 0.48066298342541436 0.046762589928057555 0.04419889502762431
0 0.39748201438848924 0.48066298342541436 0.06115107913669065 0.06629834254143646
0 0.2356115107913669 0.23204419889502761 0.03237410071942446 0.011049723756906077
0 0.46223021582733814 0.3314917127071823 0.046762589928057555 0.06629834254143646
0 0.5683453237410072 0.21270718232044197 0.02158273381294964 0.027624309392265192
0 0.47482014388489213 0.5966850828729282 0.04316546762589928 0.04419889502762431
0 0.5323741007194245 0.48066298342541436 0.04316546762589928 0.06629834254143646
0 0.5665467625899281 0.4419889502762431 0.03956834532374101 0.055248618784530384
0 0.5971223021582734 0.46685082872928174 0.04316546762589928 0.06077348066298342
0 0.6330935251798562 0.2596685082872928 0.05755395683453238 0.07734806629834254
0 0.710431654676259 0.30386740331491713 0.03956834532374101 0.07734806629834254
0 0.697841726618705 0.4861878453038674 0.05035971223021583 0.055248618784530384
0 0.6672661870503598 0.5662983425414364 0.06115107913669065 0.0718232044198895
0 0.5413669064748202 0.7044198895027624 0.06115107913669065 0.049723756906077346
0 0.6600719424460432 0.660220994475138 0.06115107913669065 0.049723756906077346
0 0.7967625899280576 0.580110497237569 0.046762589928057555 0.06629834254143646
0 0.8848920863309353 0.47790055248618785 0.03597122302158273 0.06077348066298342
0 0.6564748201438849 0.19613259668508287 0.046762589928057555 0.049723756906077346
0 0.7679856115107914 0.2292817679558011 0.046762589928057555 0.0718232044198895
0 0.9298561151079138 0.19337016574585636 0.0683453237410072 0.055248618784530384
0 0.8453237410071943 0.6740331491712707 0.05035971223021583 0.03314917127071823
0 0.6924460431654677 0.792817679558011 0.03956834532374101 0.027624309392265192
0 0.8057553956834533 0.511049723756906 0.07194244604316546 0.049723756906077346
0 0.5845323741007195 0.3453038674033149 0.0683453237410072 0.049723756906077346
0 0.8633093525179857 0.8066298342541436 0.1223021582733813 0.09944751381215469
0 0.25539568345323743 0.7541436464088398 0.04316546762589928 0.03867403314917127
0 0.3705035971223022 0.22375690607734805 0.04316546762589928 0.049723756906077346
0 0.8992805755395684 0.5524861878453038 0.05035971223021583 0.055248618784530384
0 0.9568345323741008 0.5469613259668508 0.04316546762589928 0.04419889502762431
0 0.5 0.7569060773480663 0.04316546762589928 0.04419889502762431
0 0.9262589928057554 0.718232044198895 0.07553956834532374 0.055248618784530384
