2 0.459375 0.6078125 0.1390625 0.10078125
2 0.18515625 0.5328125 0.2359375 0.08203125
0 0.728125 0.38203125 0.13671875 0.11328125
0 0.47265625 0.69140625 0.1421875 0.09375
0 0.43984375 0.459375 0.16328125 0.13203125
0 0.890625 0.4328125 0.209375 0.1203125
2 0.40390625 0.39765625 0.071875 0.05546875
0 0.790625 0.646875 0.2765625 0.09375
0 0.29453125 0.646875 0.1390625 0.06953125
0 0.34140625 0.71171875 0.09609375 0.06015625
0 0.6921875 0.49765625 0.13671875 0.1078125
2 0.17890625 0.61875 0.09140625 0.06953125
0 0.1609375 0.7203125 0.19453125 0.06484375
2 0.5671875 0.66953125 0.053125 0.0671875
2 0.74609375 0.5796875 0.06015625 0.0484375
2 0.9640625 0.56953125 0.071875 0.06015625
0 0.52265625 0.36796875 0.071875 0.03125
2 0.21171875 0.43984375 0.3125 0.1109375
2 0.54453125 0.5609375 0.0484375 0.03828125
2 0.053125 0.65 0.053125 0.040625
0 0.1109375 0.71171875 0.08671875 0.05546875
2 0.0609375 0.40625 0.053125 0.03359375
2 0.021875 0.51328125 0.04296875 0.146875
2 0.03984375 0.64921875 0.0765625 0.0578125