2 0.8546875 0.21015625 0.0796875 0.1078125
2 0.1234375 0.61640625 0.0765625 0.0984375
2 0.47265625 0.56640625 0.0671875 0.07421875
2 0.68046875 0.78984375 0.06015625 0.1203125
2 0.84609375 0.43359375 0.0796875 0.1078125
2 0.70078125 0.21171875 0.0765625 0.08203125
2 0.8859375 0.790625 0.05546875 0.1203125
2 0.9078125 0.1515625 0.071875 0.06953125
2 0.89453125 0.6671875 0.0484375 0.0890625
0 0.58671875 0.790625 0.04296875 0.11796875
2 0.665625 0.63125 0.06953125 0.11796875
2 0.15390625 0.3546875 0.071875 0.11328125
2 0.8015625 0.740625 0.0578125 0.0984375
2 0.2125 0.4 0.05546875 0.103125
0 0.740625 0.89296875 0.0578125 0.125
2 0.34375 0.896875 0.0453125 0.08671875
2 0.65 0.47578125 0.053125 0.10546875
2 0.9640625 0.66328125 0.03828125 0.08203125
2 0.290625 0.7875 0.053125 0.10078125
2 0.71640625 0.475 0.03828125 0.0671875
2 0.521875 0.76796875 0.053125 0.1296875
2 0.91484375 0.359375 0.03125 0.06015625
2 0.24375 0.85703125 0.03125 0.0578125
2 0.4375 0.8609375 0.03125 0.08671875
0 0.39453125 0.77890625 0.06015625 0.12734375
2 0.57578125 0.4859375 0.03359375 0.0796875
2 0.8453125 0.609375 0.0484375 0.09140625
2 0.6453125 0.71484375 0.02890625 0.06015625
2 0.553125 0.3453125 0.0625 0.06953125
2 0.06953125 0.8015625 0.03125 0.0796875
0 0.8015625 0.60078125 0.0484375 0.12734375
2 0.95546875 0.33671875 0.02890625 0.0578125
2 0.578125 0.62265625 0.03125 0.053125
2 0.32109375 0.45078125 0.021875 0.05078125
2 0.296875 0.8578125 0.0265625 0.05078125
0 0.3390625 0.78359375 0.0453125 0.09609375
2 0.50625 0.47265625 0.02890625 0.0578125
2 0.1875 0.71015625 0.0265625 0.0671875
2 0.7671875 0.6046875 0.03359375 0.06484375
2 0.31953125 0.27734375 0.06015625 0.06484375
2 0.55546875 0.8453125 0.0359375 0.0796875
2 0.5109375 0.2640625 0.0265625 0.071875
2 0.40390625 0.97421875 0.0359375 0.0515625
2 0.7046875 0.93359375 0.021875 0.05546875
2 0.546875 0.25625 0.02890625 0.06953125
2 0.24609375 0.7296875 0.02890625 0.09140625
2 0.02421875 0.89765625 0.0484375 0.1875
2 0.58046875 0.98203125 0.0671875 0.03359375
2 0.4421875 0.9671875 0.02421875 0.06015625
2 0.99140625 0.39296875 0.0171875 0.12265625
2 0.30859375 0.4046875 0.02890625 0.05078125
2 0.265625 0.27265625 0.0765625 0.071875
2 0.5 0.27890625 0.040625 0.0765625
2 0.875 0.93046875 0.02421875 0.0671875