0 0.640625 0.3171875 0.18046875 0.2984375
0 0.44453125 0.6453125 0.27890625 0.2765625
0 0.3796875 0.85703125 0.19921875 0.240625
0 0.85234375 0.43046875 0.125 0.15390625
2 0.6859375 0.89765625 0.13203125 0.1390625
0 0.759375 0.5875 0.13203125 0.18984375
0 0.18515625 0.9234375 0.1296875 0.1515625
0 0.66015625 0.703125 0.1609375 0.21640625
2 0.5921875 0.48828125 0.14921875 0.2453125
0 0.93359375 0.41484375 0.13203125 0.15390625
2 0.79296875 0.88125 0.0796875 0.09375
0 0.58671875 0.93515625 0.1390625 0.1296875
0 0.91953125 0.31484375 0.11796875 0.12265625
2 0.26953125 0.86171875 0.08671875 0.115625
2 0.85078125 0.29921875 0.10546875 0.20703125