2 0.67421875 0.8484375 0.09140625 0.11796875
2 0.31484375 0.85078125 0.11328125 0.1703125
2 0.69140625 0.63671875 0.09375 0.25234375
2 0.0375 0.78515625 0.06953125 0.115625
2 0.24296875 0.2140625 0.0625 0.19921875
2 0.1765625 0.09609375 0.06015625 0.1421875
2 0.5421875 0.74375 0.08203125 0.13203125
2 0.9390625 0.2171875 0.04296875 0.228125
2 0.078125 0.10703125 0.071875 0.18984375
2 0.6765625 0.10234375 0.040625 0.18515625
2 0.5765625 0.34765625 0.03828125 0.13671875
2 0.8765625 0.12734375 0.03828125 0.14921875
2 0.8921875 0.28359375 0.03359375 0.1421875
2 0.771875 0.86796875 0.03828125 0.15390625
2 0.9375 0.59609375 0.03359375 0.1703125
2 0.5828125 0.9625 0.053125 0.07421875
2 0.4375 0.37265625 0.03125 0.16796875
2 0.14921875 0.2234375 0.03359375 0.14453125
2 0.4265625 0.1 0.04296875 0.19921875
2 0.73046875 0.1 0.0578125 0.18046875
2 0.06484375 0.8921875 0.021875 0.09140625
2 0.8375 0.36875 0.03359375 0.178125
2 0.24296875 0.95390625 0.0484375 0.0921875
2 0.77265625 0.2125 0.03359375 0.125
2 0.7046875 0.95390625 0.04375 0.0921875
2 0.65859375 0.96015625 0.03359375 0.0796875
2 0.11796875 0.5921875 0.04296875 0.19453125
2 0.8078125 0.16328125 0.03828125 0.14921875
2 0.3828125 0.940625 0.034375 0.11875
2 0.46484375 0.6359375 0.03828125 0.18984375
2 0.31484375 0.984375 0.09609375 0.03125
2 0.4984375 0.19453125 0.02890625 0.16796875
2 0.98203125 0.55078125 0.03359375 0.115625
2 0.609375 0.15625 0.03828125 0.2046875
2 0.77421875 0.9671875 0.03359375 0.06484375
2 0.19140625 0.66796875 0.03125 0.22109375
2 0.42578125 0.634375 0.0453125 0.20703125
2 0.14453125 0.98515625 0.0890625 0.0296875
2 0.9734375 0.38359375 0.0359375 0.1609375
2 0.9796875 0.1140625 0.040625 0.22578125
2 0.4734375 0.96875 0.0453125 0.0625
2 0.875 0.68515625 0.04296875 0.30546875
2 0.37265625 0.1359375 0.02890625 0.1515625
2 0.0203125 0.96171875 0.040625 0.07421875
2 0.23671875 0.9796875 0.053125 0.040625
2 0.4484375 0.9734375 0.06484375 0.053125
2 0.984375 0.89921875 0.03125 0.13203125
2 0.0734375 0.9890625 0.0671875 0.021875
2 0.44140625 0.63671875 0.02890625 0.2140625
2 0.9875 0.10078125 0.025 0.2015625
2 0.453125 0.63671875 0.03359375 0.2046875
2 0.77265625 0.9109375 0.0359375 0.15390625