0 0.27421875 0.26953125 0.19921875 0.19453125
0 0.8265625 0.65390625 0.13671875 0.1078125
2 0.28515625 0.5375 0.1390625 0.09140625
2 0.81640625 0.203125 0.1078125 0.06953125
2 0.053125 0.525 0.0984375 0.0765625
0 0.91796875 0.515625 0.1421875 0.10546875
2 0.0953125 0.2984375 0.1078125 0.08671875
2 0.1890625 0.525 0.0984375 0.08203125
0 0.0484375 0.74296875 0.09609375 0.178125
2 0.3265625 0.10234375 0.2015625 0.2015625
2 0.0734375 0.8375 0.146875 0.0984375
2 0.30078125 0.475 0.1078125 0.08203125
2 0.15859375 0.67578125 0.14921875 0.09140625
2 0.146875 0.19453125 0.0765625 0.06953125
2 0.5453125 0.92421875 0.125 0.103125
2 0.16484375 0.11640625 0.09375 0.08671875
2 0.75390625 0.7921875 0.14453125 0.10546875
2 0.1390625 0.4015625 0.08671875 0.06953125
2 0.6359375 0.740625 0.08671875 0.06015625
2 0.6546875 0.571875 0.13671875 0.09140625
2 0.64453125 0.0453125 0.07421875 0.06015625
2 0.66328125 0.66328125 0.1609375 0.09609375
2 0.87890625 0.29921875 0.1296875 0.103125
2 0.9625 0.584375 0.07421875 0.13203125
2 0.9265625 0.4171875 0.10546875 0.0765625
2 0.46484375 0.078125 0.13671875 0.09140625
2 0.7859375 0.92890625 0.15625 0.09140625
2 0.89453125 0.56484375 0.09609375 0.0578125
2 0.0515625 0.3453125 0.0625 0.0625
2 0.18046875 0.62734375 0.14921875 0.09140625
2 0.02421875 0.42578125 0.0484375 0.0484375
2 0.85703125 0.8109375 0.1078125 0.0765625
2 0.30078125 0.0296875 0.0984375 0.059375
2 0.03515625 0.4671875 0.06484375 0.05078125
2 0.1109375 0.21640625 0.053125 0.040625
2 0.7359375 0.96875 0.1609375 0.0625
2 0.984375 0.4375 0.03125 0.09609375
2 0.0203125 0.5828125 0.040625 0.15625
2 0.6875 0.96484375 0.13671875 0.06953125
2 0.96875 0.5578125 0.06015625 0.08671875
2 0.015625 0.53359375 0.03125 0.10546875