0 0.15859375 0.20078125 0.125 0.1921875
2 0.31015625 0.73203125 0.0578125 0.0765625
0 0.18125 0.4 0.10546875 0.1703125
0 0.65859375 0.459375 0.08671875 0.165625
0 0.334375 0.89921875 0.1078125 0.12265625
0 0.5265625 0.57109375 0.09375 0.14921875
0 0.1578125 0.69375 0.071875 0.115625
0 0.74609375 0.203125 0.06953125 0.1390625
0 0.9265625 0.78125 0.09609375 0.0984375
0 0.853125 0.3453125 0.1296875 0.19453125
0 0.42890625 0.18046875 0.103125 0.134375
0 0.64765625 0.8234375 0.07421875 0.12265625
0 0.5875 0.1265625 0.08203125 0.165625
0 0.19453125 0.55625 0.0765625 0.115625
0 0.821875 0.50859375 0.10078125 0.10546875
0 0.4734375 0.3484375 0.103125 0.146875
0 0.71640625 0.92578125 0.12265625 0.10078125
0 0.8578125 0.64765625 0.08671875 0.1109375
0 0.328125 0.26328125 0.08671875 0.134375
0 0.7859375 0.8765625 0.0671875 0.12734375
0 0.32109375 0.6421875 0.06953125 0.09609375
0 0.36328125 0.5140625 0.0796875 0.11328125
2 0.21875 0.06640625 0.084375 0.06015625
0 0.16328125 0.90625 0.05546875 0.09140625
2 0.3078125 0.80859375 0.05546875 0.084375
0 0.3921875 0.76953125 0.0484375 0.09375
2 0.75234375 0.10703125 0.053125 0.0625
0 0.72109375 0.0265625 0.0625 0.053125
2 0.34140625 0.8078125 0.0359375 0.0671875
2 0.5296875 0.0421875 0.0625 0.08203125
2 0.2578125 0.9875 0.04375 0.025