2 0.5828125 0.74609375 0.2953125 0.15859375
2 0.88828125 0.4390625 0.1921875 0.14453125
2 0.1453125 0.2828125 0.18984375 0.12265625
2 0.6671875 0.4734375 0.23046875 0.11328125
2 0.55390625 0.92265625 0.2984375 0.1546875
2 0.2640625 0.76171875 0.196875 0.11328125
2 0.76953125 0.28359375 0.22578125 0.12734375
2 0.13671875 0.47109375 0.2046875 0.1109375
2 0.33671875 0.16015625 0.2015625 0.12734375
2 0.32421875 0.525 0.1703125 0.10078125
2 0.92265625 0.2 0.1546875 0.1625
2 0.7640625 0.79453125 0.15625 0.125
2 0.4203125 0.396875 0.1515625 0.0984375
2 0.0984375 0.81015625 0.196875 0.13203125
2 0.41328125 0.9484375 0.196875 0.103125
2 0.3140625 0.36875 0.15625 0.0796875
2 0.80546875 0.64453125 0.16328125 0.11796875
2 0.725 0.1765625 0.16328125 0.09375
2 0.94140625 0.55625 0.11328125 0.06484375
2 0.63125 0.5265625 0.165625 0.09140625
2 0.71484375 0.63125 0.115625 0.1078125
2 0.06953125 0.65859375 0.1390625 0.084375
2 0.8234375 0.93515625 0.084375 0.05546875
2 0.8953125 0.7546875 0.09609375 0.0765625
2 0.384375 0.071875 0.15859375 0.0890625
2 0.06015625 0.5640625 0.1203125 0.09375
2 0.134375 0.64765625 0.1203125 0.06953125
2 0.84609375 0.86796875 0.0984375 0.0671875
2 0.23828125 0.0515625 0.12734375 0.103125
2 0.21015625 0.38125 0.115625 0.06953125
2 0.13671875 0.5453125 0.18515625 0.115625
2 0.225 0.23828125 0.17578125 0.09609375
2 0.02734375 0.446875 0.0546875 0.0625
2 0.0328125 0.71015625 0.06484375 0.0765625
2 0.93515625 0.66328125 0.07421875 0.07421875
2 0.31953125 0.01796875 0.13671875 0.0359375
2 0.71484375 0.890625 0.1421875 0.08203125
2 0.86328125 0.8125 0.0796875 0.05546875
2 0.75234375 0.97109375 0.0890625 0.0578125
2 0.9796875 0.57109375 0.040625 0.07421875
2 0.015625 0.51171875 0.03125 0.09609375
2 0.9796875 0.4359375 0.040625 0.12734375
2 0.2828125 0.4 0.11328125 0.09140625
2 0.9421875 0.6453125 0.06953125 0.0578125
2 0.98515625 0.5234375 0.0296875 0.090625
2 0.84765625 0.8015625 0.0484375 0.06015625
2 0.021875 0.484375 0.04296875 0.0984375