2 0.5453125 0.69921875 0.10546875 0.1203125
2 0.578125 0.9125 0.09609375 0.09609375
2 0.64296875 0.44140625 0.07421875 0.115625
2 0.553125 0.146875 0.09140625 0.10546875
2 0.17421875 0.48046875 0.071875 0.0984375
2 0.3140625 0.1828125 0.0625 0.1078125
2 0.30078125 0.49375 0.0484375 0.0796875
2 0.46640625 0.11796875 0.06484375 0.0578125
2 0.34609375 0.61171875 0.0890625 0.07421875
2 0.40625 0.27421875 0.0671875 0.09609375
2 0.43046875 0.9640625 0.0625 0.0671875
2 0.3109375 0.353125 0.040625 0.0671875
2 0.1765625 0.9234375 0.05546875 0.0890625
2 0.39765625 0.54453125 0.0453125 0.0625
2 0.2546875 0.86328125 0.06953125 0.09375
2 0.69609375 0.74375 0.05078125 0.12734375
2 0.46171875 0.509375 0.05546875 0.10546875
2 0.52890625 0.3015625 0.0578125 0.0671875
2 0.28828125 0.9671875 0.06015625 0.04296875
2 0.3375 0.928125 0.0625 0.0796875
2 0.428125 0.1859375 0.0765625 0.0890625
2 0.609375 0.8140625 0.0984375 0.053125
2 0.64296875 0.203125 0.115625 0.09609375
2 0.390625 0.93046875 0.04296875 0.04296875
2 0.353125 0.0109375 0.05546875 0.01953125
2 0.45078125 0.01328125 0.05078125 0.02421875