2 0.3125 0.30625 0.2046875 0.12734375
2 0.68515625 0.61640625 0.1734375 0.13203125
2 0.8921875 0.35546875 0.2140625 0.2234375
2 0.3015625 0.62109375 0.1421875 0.1390625
2 0.875 0.6859375 0.209375 0.228125
2 0.521875 0.2234375 0.15859375 0.115625
0 0.225 0.78515625 0.178125 0.1703125
2 0.3375 0.46484375 0.21640625 0.11328125
2 0.56484375 0.43515625 0.17578125 0.1390625
2 0.5765625 0.13359375 0.14453125 0.08203125
2 0.21015625 0.5 0.14453125 0.09140625
2 0.625 0.9 0.17578125 0.1421875
2 0.44609375 0.32109375 0.14921875 0.06953125
2 0.5484375 0.915625 0.1203125 0.0796875
2 0.42578125 0.82578125 0.1703125 0.084375
2 0.57578125 0.63203125 0.16328125 0.0765625
2 0.4546875 0.975 0.15859375 0.0484375
2 0.02890625 0.86796875 0.0578125 0.08671875
2 0.98203125 0.1671875 0.0359375 0.1703125