0 0.85 0.7703125 0.2046875 0.12265625
0 0.646875 0.79921875 0.14921875 0.103125
0 0.2828125 0.1921875 0.10078125 0.0671875
0 0.2828125 0.6703125 0.10546875 0.0578125
0 0.1390625 0.7609375 0.134375 0.10078125
0 0.51328125 0.8140625 0.10546875 0.07421875
0 0.53359375 0.64453125 0.10546875 0.084375
0 0.40234375 0.19140625 0.103125 0.09140625
0 0.13203125 0.15390625 0.08671875 0.0765625
0 0.478125 0.33984375 0.196875 0.08671875
0 0.56640625 0.1296875 0.18515625 0.1296875
0 0.1625 0.4359375 0.09609375 0.05546875
0 0.040625 0.38828125 0.08125 0.1046875
0 0.3609375 0.8921875 0.125 0.0890625
0 0.8296875 0.33046875 0.165625 0.07421875
0 0.0640625 0.3109375 0.1078125 0.053125
0 0.7640625 0.61640625 0.13203125 0.08203125
0 0.4046875 0.72109375 0.08203125 0.06953125
0 0.64921875 0.515625 0.1109375 0.11328125
0 0.41796875 0.525 0.15859375 0.11796875
0 0.72578125 0.2046875 0.12734375 0.08671875
2 0.8296875 0.16796875 0.06953125 0.05078125
2 0.084375 0.84765625 0.0625 0.03828125
0 0.25234375 0.76953125 0.0765625 0.05078125
0 0.928125 0.1765625 0.08671875 0.06484375
2 0.3234375 0.74609375 0.06953125 0.06015625
2 0.9359375 0.37109375 0.06953125 0.03828125
2 0.24765625 0.72578125 0.053125 0.03828125
0 0.053125 0.90234375 0.053125 0.0671875
0 0.81640625 0.515625 0.09140625 0.0796875
2 0.0578125 0.50625 0.06953125 0.0453125
0 0.1625 0.5359375 0.06953125 0.0484375
2 0.6578125 0.41796875 0.06484375 0.04296875
0 0.178125 0.9234375 0.07421875 0.04296875
2 0.05546875 0.70703125 0.0484375 0.02890625
2 0.040625 0.78125 0.03828125 0.03125
2 0.13359375 0.6921875 0.06484375 0.0359375
2 0.9796875 0.68125 0.040625 0.05546875
0 0.0765625 0.146875 0.1515625 0.08203125
2 0.13359375 0.8578125 0.05078125 0.03359375
0 0.26796875 0.09609375 0.09375 0.06484375
2 0.040625 0.72265625 0.03828125 0.03125
2 0.9484375 0.28125 0.0625 0.01953125
2 0.09765625 0.69453125 0.08203125 0.03828125
2 0.0328125 0.7328125 0.03125 0.0265625