0 0.5734375 0.734375 0.08671875 0.228125
0 0.25703125 0.7953125 0.115625 0.19921875
0 0.39765625 0.61640625 0.196875 0.2453125
0 0.70078125 0.68125 0.07421875 0.1609375
0 0.92109375 0.909375 0.1015625 0.18125
0 0.92890625 0.5875 0.0671875 0.16796875
0 0.41015625 0.94296875 0.0796875 0.1140625
0 0.69375 0.4078125 0.07421875 0.259375
2 0.58203125 0.51796875 0.06953125 0.228125
0 0.51484375 0.94296875 0.0796875 0.1140625
0 0.0453125 0.77890625 0.0625 0.15390625
2 0.14765625 0.75 0.053125 0.115625
0 0.85 0.571875 0.07421875 0.1609375
2 0.8859375 0.446875 0.053125 0.1875
0 0.7640625 0.91484375 0.06484375 0.16796875
0 0.9625 0.49296875 0.06953125 0.09375
2 0.625 0.9640625 0.053125 0.071875
2 0.80625 0.7609375 0.04296875 0.1421875
0 0.134375 0.96640625 0.08203125 0.0671875
0 0.0375 0.9734375 0.0671875 0.053125
0 0.09296875 0.96953125 0.1796875 0.0609375