0 0.640625 0.12734375 0.17578125 0.209375
0 0.36875 0.5359375 0.084375 0.084375
0 0.45546875 0.54921875 0.15859375 0.1609375
0 0.5328125 0.24765625 0.13203125 0.1390625
0 0.365625 0.8125 0.125 0.146875
0 0.5921875 0.33671875 0.1390625 0.1421875
0 0.49375 0.93515625 0.103125 0.115625
2 0.446875 0.83671875 0.0890625 0.09609375
0 0.53125 0.7515625 0.12265625 0.15390625
0 0.66328125 0.640625 0.1203125 0.1515625
0 0.39765625 0.41328125 0.08671875 0.0984375
0 0.8109375 0.2203125 0.10078125 0.08671875
0 0.609375 0.7515625 0.09140625 0.11328125
2 0.47578125 0.44375 0.10546875 0.103125
2 0.6765625 0.525 0.0984375 0.09140625
0 0.77421875 0.28828125 0.0984375 0.11328125
2 0.69921875 0.32421875 0.07421875 0.08203125
2 0.41328125 0.95625 0.0796875 0.0875