2 0.53359375 0.33203125 0.1203125 0.1296875
2 0.88359375 0.51328125 0.09609375 0.103125
2 0.46640625 0.1359375 0.0890625 0.09140625
2 0.6515625 0.8171875 0.12734375 0.125
2 0.203125 0.1625 0.1078125 0.11796875
2 0.33046875 0.08046875 0.08671875 0.0984375
2 0.81484375 0.5140625 0.10546875 0.1078125
2 0.30390625 0.55625 0.103125 0.1609375
2 0.78515625 0.76796875 0.09140625 0.11328125
2 0.07578125 0.4625 0.08203125 0.09375
2 0.2328125 0.25859375 0.10546875 0.115625
2 0.4984375 0.55859375 0.09140625 0.11328125
0 0.2046875 0.43984375 0.103125 0.1421875
2 0.11875 0.1703125 0.0578125 0.084375
2 0.828125 0.40390625 0.071875 0.06953125
2 0.46640625 0.7984375 0.10078125 0.14453125
2 0.12734375 0.571875 0.08203125 0.1078125
2 0.3953125 0.3859375 0.084375 0.1109375
2 0.4546875 0.9328125 0.071875 0.09375
2 0.0359375 0.5734375 0.071875 0.1078125
2 0.209375 0.66328125 0.084375 0.11328125
2 0.025 0.4296875 0.05 0.071875
2 0.60546875 0.2875 0.07421875 0.08203125
2 0.11328125 0.71875 0.071875 0.0890625
0 0.2859375 0.74609375 0.08671875 0.14921875
2 0.55859375 0.85703125 0.08203125 0.0984375
2 0.1453125 0.428125 0.0796875 0.125
0 0.51328125 0.83203125 0.07421875 0.1078125
2 0.303125 0.78125 0.05078125 0.084375
2 0.36796875 0.96875 0.0578125 0.0578125
2 0.27265625 0.6296875 0.05078125 0.0765625
2 0.74140625 0.9578125 0.0625 0.084375
2 0.3640625 0.73203125 0.09140625 0.13203125
2 0.31171875 0.0140625 0.0734375 0.028125
2 0.56953125 0.2703125 0.05546875 0.05546875
2 0.51328125 0.921875 0.04296875 0.06015625
2 0.35 0.74609375 0.06015625 0.09609375
2 0.55859375 0.89921875 0.08671875 0.18515625
2 0.5265625 0.93125 0.0578125 0.0890625