0 0.1609375 0.44453125 0.165625 0.12734375
2 0.365625 0.6625 0.0765625 0.07421875
0 0.68359375 0.7390625 0.15390625 0.1390625
0 0.4265625 0.5875 0.240625 0.196875
0 0.86171875 0.7296875 0.22109375 0.196875
0 0.665625 0.6078125 0.18046875 0.16796875
0 0.8703125 0.4578125 0.16796875 0.1609375
0 0.50625 0.30625 0.15390625 0.1203125
0 0.47734375 0.7359375 0.08671875 0.06953125
0 0.38671875 0.2546875 0.125 0.084375
0 0.328125 0.33203125 0.146875 0.10546875
2 0.22265625 0.2171875 0.21640625 0.11328125
2 0.73046875 0.459375 0.19453125 0.2015625
2 0.09375 0.27890625 0.05546875 0.0578125
2 0.21640625 0.615625 0.0671875 0.06484375
2 0.43046875 0.44921875 0.0796875 0.06953125
2 0.0359375 0.584375 0.0625 0.05546875
2 0.2796875 0.396875 0.0578125 0.05078125
2 0.025 0.46171875 0.05 0.0546875
2 0.203125 0.3328125 0.10546875 0.103125
2 0.5984375 0.375 0.071875 0.0625
2 0.29453125 0.23046875 0.071875 0.08203125
2 0.5453125 0.48828125 0.0796875 0.06953125
2 0.75703125 0.5171875 0.0890625 0.07421875
2 0.50703125 0.62734375 0.08671875 0.1109375
0 0.9671875 0.56953125 0.06484375 0.07421875
2 0.1578125 0.6578125 0.05078125 0.0578125
2 0.0828125 0.62109375 0.053125 0.06015625
2 0.59140625 0.71484375 0.03828125 0.04296875
2 0.07109375 0.51171875 0.05078125 0.0453125
2 0.4234375 0.39453125 0.0453125 0.04296875
2 0.28359375 0.56875 0.06015625 0.06953125
2 0.30078125 0.5109375 0.04296875 0.03359375
2 0.459375 0.3546875 0.05078125 0.040625
2 0.72578125 0.66484375 0.0265625 0.0265625
2 0.6453125 0.6625 0.0625 0.0484375
2 0.06875 0.2453125 0.02890625 0.02421875
2 0.4171875 0.35234375 0.03359375 0.040625
2 0.35078125 0.4046875 0.0765625 0.06015625
2 0.984375 0.51953125 0.03125 0.0625
2 0.0171875 0.52265625 0.03359375 0.0671875
0 0.97578125 0.5453125 0.0484375 0.10546875