2 0.84609375 0.571875 0.09140625 0.1390625
2 0.47578125 0.43984375 0.06953125 0.07421875
2 0.14921875 0.62890625 0.0625 0.11328125
2 0.8890625 0.8578125 0.09609375 0.10546875
2 0.89921875 0.3578125 0.05078125 0.09609375
0 0.75390625 0.11328125 0.0625 0.13203125
2 0.12734375 0.3703125 0.0796875 0.1109375
2 0.671875 0.39296875 0.0765625 0.15625
2 0.21015625 0.5921875 0.05078125 0.1078125
2 0.6859375 0.22734375 0.06484375 0.1421875
2 0.81015625 0.27890625 0.06015625 0.07421875
2 0.30078125 0.734375 0.1109375 0.0890625
2 0.68046875 0.8015625 0.115625 0.08671875
2 0.55078125 0.66015625 0.053125 0.06484375
2 0.5640625 0.15390625 0.040625 0.0890625
2 0.71171875 0.540625 0.0359375 0.06953125
2 0.3546875 0.11328125 0.0484375 0.09375
2 0.5359375 0.24375 0.06015625 0.125
2 0.90234375 0.23046875 0.06953125 0.08203125
0 0.34609375 0.2046875 0.04296875 0.103125
0 0.5984375 0.22734375 0.0453125 0.12265625
2 0.646875 0.540625 0.040625 0.1109375
2 0.5046875 0.75390625 0.03828125 0.07421875
2 0.0359375 0.0921875 0.071875 0.184375
0 0.4078125 0.22109375 0.040625 0.134375
2 0.5828125 0.37265625 0.03125 0.08671875
2 0.85546875 0.796875 0.09375 0.11328125
2 0.2015625 0.28359375 0.02421875 0.0765625
2 0.45078125 0.1453125 0.03359375 0.084375
2 0.2984375 0.209375 0.05546875 0.103125
0 0.80390625 0.39921875 0.053125 0.146875
2 0.96640625 0.35703125 0.03828125 0.09609375
2 0.42109375 0.0296875 0.0390625 0.059375
2 0.31953125 0.5453125 0.01953125 0.04296875
2 0.95078125 0.696875 0.03359375 0.0625
2 0.31015625 0.1359375 0.0265625 0.05078125
2 0.25390625 0.13203125 0.03125 0.08203125
2 0.85078125 0.4203125 0.0453125 0.0890625
2 0.2609375 0.2703125 0.03828125 0.0890625
2 0.57421875 0.51953125 0.02421875 0.08203125
2 0.60234375 0.02421875 0.053125 0.0484375
2 0.7703125 0.42578125 0.03125 0.06484375
2 0.071875 0.171875 0.021875 0.06953125
2 0.65390625 0.2921875 0.02421875 0.0578125
2 0.90859375 0.66953125 0.03359375 0.053125
2 0.30390625 0.59140625 0.021875 0.05078125
2 0.4578125 0.0328125 0.01953125 0.05546875
2 0.5421875 0.74140625 0.02890625 0.0484375
2 0.4859375 0.31484375 0.02890625 0.08671875
2 0.134375 0.01796875 0.0265625 0.0359375
2 0.9890625 0.61640625 0.021875 0.11796875
2 0.3921875 0.2546875 0.0359375 0.08203125
2 0.81953125 0.01953125 0.01953125 0.03828125
2 0.91875 0.0140625 0.025 0.028125
2 0.525 0.271875 0.03359375 0.071875
2 0.08515625 0.2046875 0.0171875 0.05078125