2 0.76171875 0.23203125 0.09609375 0.15859375
2 0.1390625 0.76171875 0.134375 0.15859375
0 0.2796875 0.803125 0.18046875 0.259375
2 0.0796875 0.5765625 0.071875 0.13203125
2 0.5453125 0.8390625 0.084375 0.1203125
2 0.2546875 0.18515625 0.0984375 0.2015625
2 0.54921875 0.75234375 0.07421875 0.1296875
0 0.7875 0.9484375 0.1703125 0.10078125
0 0.61875 0.19140625 0.10078125 0.165625
0 0.4625 0.115625 0.09375 0.11796875
2 0.9203125 0.4265625 0.084375 0.14921875
2 0.34375 0.93125 0.08671875 0.09375
2 0.43125 0.88125 0.0578125 0.13203125
2 0.63203125 0.3421875 0.08203125 0.16796875
2 0.8921875 0.19921875 0.06953125 0.115625
2 0.16328125 0.8890625 0.0671875 0.06953125
2 0.4859375 0.72578125 0.084375 0.15390625
2 0.65 0.8609375 0.071875 0.13671875
2 0.23828125 0.896875 0.06953125 0.084375
2 0.52421875 0.11328125 0.0453125 0.08203125
2 0.7234375 0.35234375 0.0578125 0.10078125
2 0.884375 0.9078125 0.07421875 0.1203125
2 0.17578125 0.24296875 0.0625 0.1296875
2 0.56015625 0.35078125 0.06484375 0.13671875
2 0.365625 0.103125 0.071875 0.15390625
2 0.5640625 0.953125 0.07421875 0.09375
2 0.70078125 0.8609375 0.0765625 0.14921875
2 0.51640625 0.96953125 0.0421875 0.0609375
2 0.53984375 0.0265625 0.134375 0.05078125
2 0.01953125 0.75703125 0.03828125 0.1109375
2 0.009375 0.540625 0.0171875 0.115625
2 0.39921875 0.0140625 0.0765625 0.028125
2 0.47578125 0.98203125 0.053125 0.0359375