0 0.7015625 0.36640625 0.18046875 0.2640625
0 0.8953125 0.33984375 0.1921875 0.19453125
0 0.43046875 0.40859375 0.13203125 0.14453125
0 0.33671875 0.725 0.115625 0.1078125
0 0.30078125 0.6359375 0.1421875 0.0890625
0 0.46484375 0.7046875 0.1421875 0.125
0 0.69921875 0.63828125 0.1078125 0.08671875
0 0.1109375 0.7171875 0.08671875 0.10078125
0 0.853125 0.5875 0.146875 0.10546875
2 0.571875 0.64921875 0.053125 0.08671875
2 0.1625 0.5875 0.0984375 0.0625
2 0.68125 0.553125 0.18984375 0.14921875
0 0.15859375 0.484375 0.14921875 0.071875
2 0.546875 0.3609375 0.0765625 0.10546875
2 0.31015625 0.4203125 0.06484375 0.10546875
2 0.54296875 0.51796875 0.06015625 0.05078125
0 0.51953125 0.25859375 0.16796875 0.06015625
2 0.39921875 0.30859375 0.05078125 0.0578125
0 0.7515625 0.540625 0.05546875 0.0484375
0 0.6296875 0.4234375 0.0359375 0.04296875
2 0.33203125 0.2546875 0.10546875 0.0484375
2 0.234375 0.3375 0.0796875 0.103125
2 0.053125 0.63125 0.06484375 0.0625
2 0.26328125 0.56015625 0.0578125 0.0359375
2 0.021875 0.46015625 0.04296875 0.08671875
2 0.06484375 0.32578125 0.07421875 0.0671875
2 0.4078125 0.234375 0.08203125 0.07421875
2 0.23046875 0.740625 0.05078125 0.0671875
2 0.43046875 0.53828125 0.0671875 0.0453125
2 0.50625 0.58984375 0.06015625 0.071875
2 0.32421875 0.5625 0.0453125 0.03828125
2 0.0796875 0.40390625 0.03359375 0.040625
2 0.11640625 0.2984375 0.0359375 0.0453125
2 0.3453125 0.36796875 0.03125 0.0359375
2 0.40390625 0.58671875 0.0359375 0.04296875
2 0.38671875 0.63125 0.021875 0.02890625
0 0.96953125 0.56875 0.0609375 0.146875
2 0.35703125 0.60078125 0.02890625 0.021875
2 0.475 0.5265625 0.03828125 0.03359375
2 0.428125 0.6359375 0.03359375 0.03125
0 0.96953125 0.52421875 0.0609375 0.0546875
2 0.9640625 0.25390625 0.0578125 0.040625
2 0.08515625 0.28359375 0.03125 0.02421875
2 0.16328125 0.27421875 0.03359375 0.0359375
2 0.01328125 0.3015625 0.0265625 0.06484375
0 0.99296875 0.26328125 0.0140625 0.0578125
2 0.1875 0.7171875 0.03125 0.03359375
2 0.5625 0.47734375 0.040625 0.02890625
2 0.08671875 0.54921875 0.03828125 0.03125
0 0.265625 0.49296875 0.0453125 0.03828125
2 0.1515625 0.27265625 0.02890625 0.03359375