2 0.7515625 0.2359375 0.15859375 0.22109375
2 0.915625 0.5203125 0.16328125 0.21171875
2 0.23671875 0.3953125 0.19921875 0.13203125
2 0.3484375 0.68359375 0.134375 0.12734375
2 0.5296875 0.41328125 0.18046875 0.14453125
2 0.31015625 0.52265625 0.19921875 0.09140625
2 0.7234375 0.5359375 0.15390625 0.13671875
0 0.321875 0.865625 0.19453125 0.165625
2 0.421875 0.12734375 0.146875 0.08671875
2 0.4015625 0.2453125 0.1203125 0.103125
2 0.93515625 0.90390625 0.1296875 0.06484375
2 0.53515625 0.8328125 0.12734375 0.0796875
2 0.671875 0.87109375 0.11328125 0.07421875
2 0.22578125 0.60703125 0.1296875 0.0796875
2 0.35703125 0.36328125 0.15625 0.0796875
2 0.77890625 0.86875 0.18046875 0.07421875
2 0.5984375 0.5875 0.165625 0.08203125
2 0.74765625 0.80078125 0.12265625 0.0671875
2 0.56875 0.97109375 0.15390625 0.0578125
2 0.85078125 0.0203125 0.1703125 0.040625
2 0.4265625 0.9875 0.15625 0.025