0 0.59140625 0.42421875 0.12265625 0.1203125
2 0.21484375 0.6265625 0.1296875 0.09609375
2 0.4171875 0.4078125 0.10546875 0.0890625
0 0.36796875 0.3609375 0.0765625 0.0765625
0 0.75390625 0.39453125 0.1203125 0.1078125
2 0.7390625 0.334375 0.08203125 0.0765625
2 0.0671875 0.60078125 0.10546875 0.1078125
2 0.16328125 0.5796875 0.09140625 0.08671875
2 0.146875 0.69375 0.10078125 0.084375
0 0.5453125 0.51796875 0.11328125 0.09375
2 0.421875 0.5984375 0.103125 0.1078125
2 0.915625 0.25625 0.0578125 0.06484375
2 0.6671875 0.45078125 0.0671875 0.06953125
0 0.13671875 0.83984375 0.06484375 0.06484375
2 0.32109375 0.4484375 0.08671875 0.09609375
2 0.74609375 0.171875 0.07421875 0.06953125
2 0.6078125 0.2953125 0.0796875 0.08203125
2 0.82109375 0.16484375 0.06953125 0.06484375
2 0.821875 0.07421875 0.05078125 0.0484375
2 0.525 0.2390625 0.1109375 0.09140625
2 0.4265625 0.3421875 0.08203125 0.08203125
2 0.671875 0.27890625 0.0796875 0.09140625
2 0.1234375 0.5375 0.0765625 0.0671875
2 0.83515625 0.2296875 0.1296875 0.0984375
2 0.25859375 0.44921875 0.09140625 0.1078125
2 0.7984375 0.12109375 0.0625 0.0578125
2 0.6765625 0.14921875 0.084375 0.06953125
2 0.54296875 0.34375 0.1390625 0.1203125
2 0.09140625 0.6296875 0.06484375 0.0578125
2 0.82578125 0.37890625 0.06953125 0.071875
0 0.72265625 0.2515625 0.06953125 0.0796875
2 0.4890625 0.45703125 0.08203125 0.0984375
2 0.2328125 0.56015625 0.09140625 0.08203125
2 0.2515625 0.775 0.08203125 0.09375
2 0.3234375 0.68046875 0.103125 0.1203125
2 0.078125 0.68046875 0.071875 0.06015625
2 0.31953125 0.53125 0.1109375 0.11328125
2 0.4265625 0.49609375 0.13203125 0.12265625
2 0.6296875 0.21875 0.0984375 0.10078125
2 0.50390625 0.328125 0.12265625 0.1421875
2 0.671875 0.21171875 0.09375 0.09609375
2 0.3703125 0.515625 0.1921875 0.14453125