2 0.5953125 0.0875 0.10078125 0.103125
2 0.634375 0.56640625 0.0765625 0.11328125
2 0.55546875 0.30078125 0.1078125 0.1203125
2 0.35 0.3796875 0.0890625 0.0765625
2 0.171875 0.5015625 0.06484375 0.10078125
2 0.29296875 0.80078125 0.06015625 0.1109375
2 0.35703125 0.06484375 0.0578125 0.071875
2 0.5359375 0.8578125 0.09140625 0.09140625
2 0.19453125 0.07109375 0.0484375 0.08203125
2 0.70546875 0.28125 0.0453125 0.11328125
2 0.2765625 0.13125 0.05078125 0.08671875
2 0.40234375 0.45078125 0.0484375 0.06015625
2 0.51953125 0.7046875 0.053125 0.06015625
2 0.4546875 0.8859375 0.06484375 0.0625
2 0.2984375 0.48671875 0.0484375 0.0796875
2 0.45703125 0.0375 0.0625 0.07421875
2 0.4125 0.81484375 0.06953125 0.09140625
2 0.384375 0.72734375 0.0671875 0.09140625
2 0.62734375 0.1984375 0.103125 0.05078125
2 0.30078125 0.6296875 0.040625 0.071875
2 0.4515625 0.490625 0.0578125 0.0984375
2 0.3171875 0.02265625 0.0578125 0.0453125
2 0.4234375 0.97578125 0.11796875 0.0484375
2 0.625 0.81015625 0.10546875 0.06953125
2 0.48671875 0.99296875 0.07421875 0.0140625
2 0.31953125 0.98984375 0.0484375 0.0203125
2 0.33203125 0.9875 0.1171875 0.025
2 0.36953125 0.97421875 0.1640625 0.0515625