2 0.5953125 0.0890625 0.0984375 0.103125
2 0.6359375 0.56640625 0.0796875 0.11328125
2 0.55546875 0.30078125 0.1109375 0.1203125
2 0.16953125 0.50234375 0.0671875 0.0984375
2 0.35 0.3796875 0.08671875 0.0765625
2 0.19453125 0.071875 0.0453125 0.0796875
2 0.29296875 0.8015625 0.0625 0.1078125
2 0.53515625 0.859375 0.09140625 0.09140625
2 0.40234375 0.45078125 0.0484375 0.0578125
2 0.35703125 0.06640625 0.0578125 0.07421875
2 0.70546875 0.28125 0.04296875 0.11328125
2 0.27734375 0.1296875 0.05078125 0.08671875
2 0.51796875 0.7046875 0.05546875 0.06015625
2 0.2984375 0.48671875 0.0484375 0.0765625
2 0.4546875 0.884375 0.06484375 0.0625
2 0.4546875 0.0359375 0.0625 0.071875
2 0.30078125 0.62890625 0.040625 0.07421875
2 0.4515625 0.4890625 0.0578125 0.09609375
2 0.41328125 0.8140625 0.0765625 0.09140625
2 0.384375 0.728125 0.06484375 0.09140625
2 0.6265625 0.1984375 0.103125 0.05078125
2 0.3171875 0.02265625 0.0578125 0.0453125
2 0.42421875 0.97578125 0.11796875 0.0484375
2 0.6265625 0.8125 0.10546875 0.07421875
2 0.32109375 0.990625 0.0484375 0.0171875
2 0.334375 0.9875 0.10625 0.025
2 0.37265625 0.97734375 0.1609375 0.0453125
2 0.61640625 0.790625 0.10078125 0.05078125