0 0.4328125 0.40859375 0.13203125 0.14453125
0 0.7015625 0.365625 0.18046875 0.2640625
0 0.4625 0.7078125 0.1390625 0.13203125
0 0.296875 0.634375 0.1390625 0.084375
0 0.89453125 0.3375 0.18515625 0.18984375
0 0.85234375 0.5875 0.1421875 0.115625
0 0.696875 0.63671875 0.1078125 0.084375
0 0.33515625 0.72734375 0.115625 0.115625
0 0.16328125 0.484375 0.13203125 0.071875
0 0.11171875 0.7234375 0.09375 0.11328125
0 0.51953125 0.25859375 0.18046875 0.06015625
0 0.74765625 0.5421875 0.05078125 0.04296875
0 0.9671875 0.52421875 0.06484375 0.0578125
2 0.68046875 0.54921875 0.19453125 0.15859375
2 0.23046875 0.74375 0.06015625 0.084375
2 0.40390625 0.5875 0.04296875 0.04296875
2 0.5453125 0.359375 0.07421875 0.1078125
2 0.571875 0.65 0.05546875 0.0890625
2 0.546875 0.5171875 0.06015625 0.05078125
2 0.3109375 0.4203125 0.06484375 0.103125
2 0.26328125 0.56015625 0.0578125 0.03359375
2 0.1625 0.5890625 0.103125 0.06015625
2 0.38671875 0.63203125 0.0265625 0.03359375
2 0.05078125 0.63203125 0.0796875 0.06484375
2 0.50703125 0.58984375 0.06953125 0.06953125
2 0.06484375 0.3265625 0.07421875 0.071875
2 0.2359375 0.33671875 0.084375 0.1078125
2 0.35703125 0.60234375 0.0265625 0.021875
2 0.4328125 0.53828125 0.071875 0.04296875
2 0.4 0.30859375 0.05078125 0.05546875
2 0.40625 0.234375 0.0765625 0.071875
2 0.11796875 0.2984375 0.04296875 0.0453125
2 0.34765625 0.36875 0.03359375 0.03359375
2 0.33046875 0.25234375 0.1078125 0.0453125
2 0.95546875 0.25234375 0.06015625 0.040625
2 0.3234375 0.5609375 0.0484375 0.03359375
2 0.42578125 0.63671875 0.03828125 0.0359375
2 0.02265625 0.4578125 0.0453125 0.084375
2 0.01171875 0.2984375 0.0234375 0.0625
2 0.16328125 0.27265625 0.0359375 0.0359375
2 0.9890625 0.26796875 0.021875 0.05546875
2 0.56875 0.478125 0.0359375 0.03359375
2 0.078125 0.40625 0.04296875 0.0453125
2 0.1875 0.7140625 0.03359375 0.03828125
2 0.19453125 0.2796875 0.03359375 0.03359375
2 0.4703125 0.5296875 0.04296875 0.03828125