0 0.52265625 0.38203125 0.06015625 0.0796875
0 0.4890625 0.2234375 0.05078125 0.0765625
2 0.63125 0.31640625 0.06015625 0.06484375
2 0.47734375 0.90390625 0.06484375 0.08203125
2 0.446875 0.615625 0.053125 0.0765625
0 0.6234375 0.85703125 0.03828125 0.0578125
0 0.61875 0.22578125 0.0796875 0.10546875
2 0.55625 0.92421875 0.05078125 0.053125
2 0.61171875 0.5328125 0.0578125 0.07421875
2 0.740625 0.18984375 0.05078125 0.04296875
2 0.709375 0.35 0.03828125 0.0484375
2 0.67890625 0.13828125 0.06015625 0.0578125
0 0.6828125 0.55390625 0.0359375 0.05546875
2 0.4125 0.5578125 0.05546875 0.04296875
2 0.54453125 0.21640625 0.05078125 0.05546875
2 0.50625 0.81015625 0.071875 0.1203125
2 0.4734375 0.15625 0.05546875 0.0578125
2 0.5328125 0.02265625 0.084375 0.0453125
2 0.47109375 0.3296875 0.07421875 0.071875
2 0.4203125 0.77265625 0.1203125 0.115625
2 0.66015625 0.06640625 0.06484375 0.071875
2 0.62109375 0.63125 0.06953125 0.06953125
2 0.3734375 0.6671875 0.04296875 0.03828125
2 0.50625 0.5015625 0.12734375 0.14921875
2 0.4484375 0.06953125 0.05546875 0.0484375
2 0.62890625 0.7171875 0.040625 0.05078125
2 0.41015625 0.44453125 0.05078125 0.04296875
2 0.6671875 0.5015625 0.04296875 0.06015625
2 0.45703125 0.79453125 0.0578125 0.06484375
2 0.59375 0.08515625 0.08671875 0.1078125
2 0.71171875 0.06640625 0.053125 0.0484375
2 0.74296875 0.0265625 0.0453125 0.040625
2 0.63671875 0.75859375 0.03828125 0.0359375
2 0.60078125 0.9359375 0.04296875 0.06953125
2 0.390625 0.91015625 0.1203125 0.178125
2 0.69609375 0.26796875 0.08671875 0.0578125
2 0.56953125 0.84375 0.06953125 0.071875
2 0.66015625 0.67578125 0.03828125 0.04296875
2 0.571875 0.1734375 0.053125 0.04296875
2 0.65859375 0.42421875 0.09375 0.09375
2 0.58203125 0.83671875 0.0484375 0.05078125
2 0.5609375 0.771875 0.06015625 0.071875
2 0.515625 0.9640625 0.053125 0.0578125
2 0.68359375 0.209375 0.053125 0.0453125
2 0.6609375 0.35 0.04296875 0.03828125
2 0.70546875 0.40234375 0.03828125 0.04296875
2 0.671875 0.72578125 0.0265625 0.0359375
2 0.56953125 0.66484375 0.05078125 0.05078125
2 0.4015625 0.62890625 0.03828125 0.03359375
2 0.57109375 0.9828125 0.04296875 0.03359375
2 0.678125 0.2671875 0.05078125 0.0453125
2 0.5921875 0.375 0.05078125 0.0484375
2 0.7015625 0.640625 0.03359375 0.03125
2 0.3703125 0.84375 0.06015625 0.0453125
2 0.6921875 0.6984375 0.02421875 0.040625
2 0.64296875 0.91796875 0.0265625 0.02890625
2 0.6109375 0.40390625 0.07421875 0.0890625
2 0.55625 0.696875 0.06953125 0.07421875
2 0.51953125 0.6296875 0.0796875 0.13671875
2 0.578125 0.515625 0.03828125 0.04296875
2 0.67421875 0.40390625 0.053125 0.0484375
2 0.3859375 0.490625 0.03828125 0.03828125
2 0.63125 0.4171875 0.10546875 0.0890625
2 0.7140625 0.41328125 0.0484375 0.053125
2 0.4046875 0.7671875 0.08203125 0.08203125
2 0.375 0.60546875 0.040625 0.03359375
2 0.390625 0.85078125 0.09375 0.05546875
2 0.353125 0.97421875 0.053125 0.0515625
2 0.4875 0.009375 0.0625 0.01875
2 0.540625 0.8078125 0.1078125 0.1421875