0 0.18515625 0.77734375 0.2671875 0.25234375
0 0.4578125 0.390625 0.17578125 0.18984375
0 0.6546875 0.1984375 0.134375 0.1609375
0 0.41015625 0.85 0.1703125 0.178125
0 0.77265625 0.47265625 0.146875 0.1515625
0 0.6921875 0.56953125 0.1734375 0.178125
0 0.2859375 0.4015625 0.115625 0.13671875
0 0.87734375 0.28125 0.134375 0.1421875
2 0.74375 0.25703125 0.12265625 0.13671875
0 0.5265625 0.7515625 0.12265625 0.13671875
2 0.38828125 0.3234375 0.0765625 0.0796875
2 0.5 0.1859375 0.13671875 0.13203125
0 0.3453125 0.93984375 0.18046875 0.1203125
0 0.2828125 0.62734375 0.3265625 0.29296875
2 0.58203125 0.696875 0.0765625 0.071875
2 0.55 0.0453125 0.121875 0.090625
2 0.446875 0.69453125 0.1703125 0.196875
2 0.834375 0.1703125 0.0890625 0.11328125
2 0.66796875 0.3171875 0.06953125 0.07421875
0 0.72109375 0.38828125 0.1421875 0.165625
2 0.59765625 0.6296875 0.10078125 0.09375
2 0.3859375 0.2296875 0.12265625 0.1203125
2 0.58046875 0.5515625 0.0765625 0.0796875
2 0.5359375 0.29296875 0.12265625 0.125
2 0.8453125 0.3890625 0.10546875 0.09375
2 0.571875 0.4546875 0.0625 0.06953125
2 0.5015625 0.54453125 0.0671875 0.07421875
2 0.36171875 0.47109375 0.12265625 0.11796875
2 0.6265625 0.46015625 0.0453125 0.053125
2 0.52421875 0.6671875 0.06484375 0.0671875
2 0.6390625 0.384375 0.05546875 0.05546875
2 0.65625 0.50390625 0.04296875 0.0453125
2 0.53359375 0.603125 0.06484375 0.06015625
2 0.459375 0.30625 0.04296875 0.0484375
2 0.328125 0.29453125 0.0765625 0.08203125
2 0.6734375 0.46484375 0.040625 0.04296875
2 0.6765625 0.06484375 0.071875 0.09375
2 0.59765625 0.5 0.0453125 0.05078125
2 0.5359375 0.48828125 0.04296875 0.0453125
2 0.6078125 0.3015625 0.07421875 0.115625
2 0.6625 0.4265625 0.0359375 0.0359375