2 0.8015625 0.80625 0.165625 0.18515625
2 0.22734375 0.95078125 0.1109375 0.0984375
0 0.0875 0.859375 0.12734375 0.12734375
0 0.63671875 0.79921875 0.1421875 0.16328125
2 0.334375 0.1609375 0.07421875 0.165625
2 0.83984375 0.23046875 0.06484375 0.134375
0 0.03359375 0.1515625 0.06484375 0.21171875
2 0.13125 0.134375 0.1078125 0.0484375
2 0.3078125 0.89453125 0.0484375 0.12265625
2 0.89921875 0.33671875 0.04296875 0.09140625
2 0.1296875 0.2921875 0.0625 0.16796875
2 0.3578125 0.7828125 0.053125 0.11796875
0 0.61796875 0.0875 0.1296875 0.175
2 0.2125 0.08203125 0.04296875 0.15859375
2 0.978125 0.6984375 0.04296875 0.1609375
2 0.49140625 0.35234375 0.0484375 0.1390625
2 0.8796875 0.69140625 0.040625 0.15625
2 0.7453125 0.046875 0.0453125 0.09375
2 0.7484375 0.14296875 0.03828125 0.1109375
2 0.3796875 0.696875 0.040625 0.125
2 0.44921875 0.703125 0.0453125 0.10546875
2 0.209375 0.74296875 0.0484375 0.1875
2 0.428125 0.2640625 0.06484375 0.178125
0 0.4828125 0.134375 0.084375 0.1421875
2 0.45703125 0.88125 0.03359375 0.115625
2 0.375 0.97109375 0.03359375 0.0578125
0 0.525 0.94609375 0.06953125 0.10546875
2 0.3328125 0.28828125 0.02890625 0.07421875
2 0.01796875 0.75390625 0.0359375 0.16328125
2 0.23671875 0.74375 0.0796875 0.19453125
2 0.6421875 0.95625 0.053125 0.0875
0 0.73046875 0.9578125 0.10078125 0.084375
2 0.09921875 0.0140625 0.0921875 0.028125
2 0.34765625 0.94609375 0.02421875 0.06015625
2 0.8890625 0.0296875 0.125 0.059375
2 0.6140625 0.02421875 0.1203125 0.0484375
2 0.6859375 0.90625 0.04296875 0.06015625
2 0.4703125 0.971875 0.04375 0.05625
2 0.42578125 0.29921875 0.0625 0.08671875
2 0.59140625 0.125 0.04296875 0.08203125
2 0.00703125 0.96484375 0.01171875 0.06953125
2 0.21484375 0.36875 0.03359375 0.1078125
2 0.6109375 0.98203125 0.040625 0.0359375