0 0.48828125 0.82109375 0.13671875 0.165625
2 0.7390625 0.18359375 0.1078125 0.09375
2 0.3375 0.48828125 0.1203125 0.10078125
0 0.79921875 0.49375 0.1078125 0.10546875
0 0.75 0.68359375 0.0890625 0.08203125
2 0.484375 0.18984375 0.115625 0.08671875
2 0.5625 0.6859375 0.084375 0.08671875
2 0.5734375 0.5 0.0984375 0.084375
2 0.37109375 0.1875 0.06953125 0.0625
2 0.93359375 0.49140625 0.06484375 0.071875
0 0.81953125 0.44453125 0.084375 0.08203125
2 0.77265625 0.8484375 0.0890625 0.0890625
2 0.146875 0.5796875 0.09375 0.08671875
2 0.47265625 0.115625 0.115625 0.09609375
2 0.61328125 0.8609375 0.08671875 0.084375
2 0.84765625 0.39453125 0.0890625 0.08671875
2 0.696875 0.76796875 0.08203125 0.0796875
2 0.62265625 0.9546875 0.07421875 0.07421875
2 0.30078125 0.78984375 0.10546875 0.0984375
2 0.3546875 0.24765625 0.07421875 0.07421875
2 0.1109375 0.72265625 0.08671875 0.08203125
2 0.521875 0.92578125 0.08671875 0.0765625
2 0.27734375 0.41953125 0.0765625 0.06015625
2 0.22109375 0.828125 0.0671875 0.06484375
2 0.4859375 0.97734375 0.0671875 0.0453125
2 0.22734375 0.91484375 0.07421875 0.05546875
2 0.02890625 0.74609375 0.0578125 0.07421875
2 0.4078125 0.6203125 0.07421875 0.07421875
2 0.71484375 0.60078125 0.06015625 0.071875
2 0.64921875 0.71484375 0.07421875 0.06953125
2 0.17890625 0.86328125 0.0671875 0.05546875
2 0.80546875 0.6625 0.07421875 0.07421875
2 0.75703125 0.6203125 0.06953125 0.0671875
2 0.2671875 0.46171875 0.0578125 0.053125
2 0.978125 0.57578125 0.04296875 0.0578125
2 0.4578125 0.5609375 0.071875 0.06953125
2 0.80390625 0.3109375 0.09375 0.134375
2 0.9328125 0.38359375 0.06015625 0.0671875
2 0.9109375 0.4375 0.0578125 0.05078125
2 0.80546875 0.27734375 0.0796875 0.06484375
2 0.39921875 0.69375 0.084375 0.0765625
2 0.959375 0.61328125 0.0484375 0.04296875
2 0.95546875 0.19921875 0.0578125 0.05078125
2 0.87109375 0.571875 0.06953125 0.0671875
2 0.58671875 0.615625 0.0671875 0.05546875