2 0.36328125 0.3953125 0.04296875 0.03125
2 0.68984375 0.59765625 0.09140625 0.04296875
2 0.39296875 0.65234375 0.10546875 0.04296875
2 0.234375 0.265625 0.09375 0.03125
2 0.28828125 0.32109375 0.06953125 0.02890625
2 0.27734375 0.65234375 0.0578125 0.03359375
2 0.696875 0.37734375 0.0484375 0.0453125
2 0.96875 0.5578125 0.06015625 0.03828125
2 0.06015625 0.13359375 0.0671875 0.0265625
2 0.5875 0.359375 0.0359375 0.02890625
2 0.625 0.5890625 0.05546875 0.0265625
2 0.01953125 0.16328125 0.0359375 0.03359375