2 0.28515625 0.80390625 0.21875 0.15390625
2 0.41484375 0.5515625 0.1203125 0.1515625
2 0.6578125 0.31484375 0.11796875 0.11796875
2 0.56953125 0.7046875 0.12265625 0.14453125
2 0.5953125 0.90390625 0.18515625 0.146875
0 0.828125 0.26796875 0.16328125 0.17578125
2 0.34375 0.25 0.10546875 0.22109375
2 0.49609375 0.3140625 0.071875 0.20703125
2 0.0515625 0.9328125 0.103125 0.1296875
2 0.88828125 0.609375 0.0625 0.1296875
2 0.3375 0.38125 0.06484375 0.16796875
2 0.83203125 0.4671875 0.053125 0.103125
2 0.125 0.48671875 0.06484375 0.15859375
2 0.8390625 0.6875 0.053125 0.1203125
2 0.2359375 0.44375 0.0890625 0.10546875
2 0.55546875 0.2078125 0.053125 0.134375
2 0.95703125 0.0640625 0.0484375 0.12734375
2 0.59765625 0.59609375 0.06015625 0.16796875
2 0.97421875 0.8640625 0.0515625 0.15625
2 0.45078125 0.9484375 0.0625 0.103125
2 0.9796875 0.49609375 0.040625 0.178125
2 0.9875 0.278125 0.025 0.13125
2 0.875 0.96953125 0.09375 0.0609375