2 0.41328125 0.553125 0.1203125 0.15390625
2 0.57109375 0.70703125 0.11796875 0.1421875
2 0.65859375 0.31640625 0.11796875 0.1109375
2 0.2859375 0.80546875 0.21171875 0.1421875
0 0.83046875 0.26953125 0.15625 0.1703125
2 0.5921875 0.9046875 0.18984375 0.1515625
2 0.05625 0.93046875 0.1125 0.1359375
2 0.3484375 0.2484375 0.09609375 0.2046875
2 0.8890625 0.6109375 0.06015625 0.12265625
2 0.3390625 0.384375 0.0578125 0.15859375
2 0.4984375 0.3140625 0.06953125 0.19921875
2 0.125 0.48671875 0.0625 0.15390625
2 0.23828125 0.446875 0.08203125 0.1078125
2 0.83203125 0.46875 0.05078125 0.09609375
2 0.83515625 0.6890625 0.05546875 0.115625
2 0.5578125 0.209375 0.04296875 0.1296875
2 0.59765625 0.5984375 0.05546875 0.16328125
0 0.88515625 0.95859375 0.1390625 0.0828125
2 0.95625 0.05625 0.0375 0.1125
2 0.97578125 0.87265625 0.0484375 0.15390625
2 0.446875 0.95859375 0.0625 0.0828125
2 0.98203125 0.4953125 0.0359375 0.16796875
2 0.9890625 0.28515625 0.021875 0.1078125
2 0.1921875 0.97734375 0.1078125 0.04296875
0 0.75859375 0.98984375 0.1015625 0.0203125
2 0.884375 0.69140625 0.0890625 0.12265625
2 0.49140625 0.140625 0.05078125 0.146875