2 0.20546875 0.2078125 0.16328125 0.16328125
0 0.74296875 0.68125 0.10546875 0.1203125
2 0.35 0.1 0.06015625 0.06015625
2 0.6609375 0.4234375 0.071875 0.071875
0 0.5828125 0.58984375 0.09140625 0.0984375
2 0.290625 0.15859375 0.08671875 0.09140625
2 0.265625 0.30625 0.146875 0.14453125
2 0.8421875 0.72734375 0.071875 0.071875
0 0.446875 0.1265625 0.0796875 0.08203125
2 0.4421875 0.3484375 0.071875 0.0671875
2 0.64296875 0.8125 0.09140625 0.071875
2 0.584375 0.42890625 0.0890625 0.10546875
2 0.76328125 0.90234375 0.0671875 0.0578125
2 0.4734375 0.4046875 0.071875 0.0796875
2 0.678125 0.72265625 0.07421875 0.08671875
2 0.71015625 0.6 0.0796875 0.07421875
2 0.35234375 0.22734375 0.12734375 0.134375
2 0.5640625 0.6625 0.09140625 0.0890625
2 0.48671875 0.32421875 0.05078125 0.053125
2 0.40390625 0.4359375 0.0796875 0.0890625
0 0.62890625 0.7484375 0.08671875 0.0890625
0 0.634375 0.3640625 0.0671875 0.0671875
2 0.9421875 0.7953125 0.0484375 0.04296875
2 0.55078125 0.334375 0.08203125 0.08671875
2 0.49140625 0.5265625 0.178125 0.196875
2 0.865625 0.65 0.06953125 0.07421875
2 0.8546875 0.80078125 0.071875 0.07421875
2 0.42421875 0.23203125 0.0671875 0.0796875
2 0.56015625 0.271875 0.05546875 0.06015625
2 0.78359375 0.77890625 0.084375 0.08671875
2 0.49609375 0.2078125 0.0578125 0.05546875
2 0.51328125 0.2484375 0.05546875 0.06015625
2 0.896875 0.77265625 0.06015625 0.06015625
2 0.39921875 0.49609375 0.05546875 0.05546875
2 0.77265625 0.61796875 0.06015625 0.06484375
2 0.7140625 0.5515625 0.05546875 0.05546875
2 0.4484375 0.296875 0.0578125 0.0625
2 0.35 0.4390625 0.0453125 0.0453125
2 0.39296875 0.16328125 0.09140625 0.09609375
2 0.75859375 0.5328125 0.0578125 0.06015625
2 0.725 0.74140625 0.06484375 0.06015625
2 0.38359375 0.07109375 0.08671875 0.09140625
2 0.578125 0.2328125 0.053125 0.053125
2 0.9328125 0.7328125 0.06015625 0.06484375
2 0.66015625 0.9015625 0.053125 0.0453125
2 0.54296875 0.225 0.0359375 0.03828125
2 0.30390625 0.41328125 0.053125 0.053125
2 0.80859375 0.60546875 0.05078125 0.0484375
2 0.4234375 0.1578125 0.05546875 0.07421875
2 0.709375 0.47734375 0.0796875 0.08203125
2 0.60703125 0.2703125 0.03125 0.03828125
2 0.7234375 0.4796875 0.06015625 0.06015625
2 0.40234375 0.55546875 0.040625 0.04296875
2 0.63828125 0.5375 0.07421875 0.11796875
2 0.3296875 0.04296875 0.03828125 0.0359375
2 0.70703125 0.7328125 0.09609375 0.07421875
2 0.5578125 0.228125 0.03828125 0.0484375