2 0.3140625 0.85 0.1078125 0.16796875
2 0.6734375 0.85 0.09140625 0.115625
2 0.6921875 0.6390625 0.08671875 0.25
2 0.24375 0.2140625 0.0625 0.18984375
2 0.0375 0.78125 0.06953125 0.125
2 0.5421875 0.74765625 0.084375 0.12734375
2 0.1765625 0.09140625 0.06015625 0.15390625
2 0.0796875 0.10703125 0.0671875 0.1875
2 0.9390625 0.22109375 0.04296875 0.23046875
2 0.24609375 0.953125 0.0484375 0.09375
2 0.6765625 0.103125 0.040625 0.1828125
2 0.5828125 0.96171875 0.0578125 0.07421875
2 0.578125 0.3484375 0.03828125 0.1421875
2 0.4703125 0.9671875 0.06484375 0.06484375
2 0.875 0.1265625 0.03828125 0.14921875
2 0.93515625 0.58984375 0.0359375 0.14921875
2 0.42421875 0.09140625 0.04296875 0.1828125
2 0.73046875 0.10078125 0.0578125 0.1828125
2 0.771875 0.86796875 0.04296875 0.15390625
2 0.77265625 0.21640625 0.03125 0.13203125
2 0.4390625 0.3734375 0.03125 0.15625
2 0.14921875 0.2234375 0.03125 0.146875
2 0.8921875 0.2796875 0.03359375 0.1390625
2 0.06484375 0.890625 0.021875 0.08671875
2 0.61171875 0.15234375 0.0359375 0.21171875
2 0.11640625 0.59375 0.040625 0.196875
2 0.65859375 0.9640625 0.03125 0.071875
2 0.8078125 0.15625 0.0359375 0.146875
2 0.38203125 0.9421875 0.03359375 0.115625
2 0.8390625 0.36796875 0.03359375 0.16796875
2 0.31484375 0.984375 0.0890625 0.03125
2 0.4640625 0.634375 0.0359375 0.178125
2 0.77421875 0.97109375 0.03359375 0.0578125
2 0.1921875 0.6703125 0.02890625 0.20703125
2 0.01953125 0.95546875 0.03828125 0.084375
2 0.98203125 0.55078125 0.03359375 0.1078125
2 0.1453125 0.98515625 0.084375 0.0296875
2 0.875 0.68515625 0.05078125 0.29296875
0 0.70234375 0.95390625 0.0453125 0.0921875
2 0.421875 0.6359375 0.03828125 0.19921875
2 0.4984375 0.1984375 0.02421875 0.15390625
2 0.37109375 0.13203125 0.03359375 0.146875
2 0.9796875 0.1046875 0.040625 0.2046875
2 0.975 0.384375 0.0359375 0.16796875
2 0.978125 0.90234375 0.04296875 0.1203125
2 0.06875 0.9890625 0.06015625 0.021875
2 0.64921875 0.96015625 0.0359375 0.0765625
2 0.4484375 0.334375 0.02890625 0.240625