0 0.16953125 0.22734375 0.23046875 0.24765625
0 0.59609375 0.4390625 0.16328125 0.1609375
2 0.3171875 0.49296875 0.20703125 0.1609375
0 0.334375 0.31484375 0.2234375 0.290625
0 0.65859375 0.69140625 0.15390625 0.12734375
0 0.4625 0.6984375 0.15859375 0.146875
0 0.1390625 0.48203125 0.16328125 0.15625
0 0.03984375 0.41796875 0.0765625 0.165625
0 0.5578125 0.271875 0.165625 0.11796875
0 0.58515625 0.7671875 0.1421875 0.134375
0 0.25703125 0.5640625 0.12265625 0.10546875
2 0.4984375 0.3609375 0.09140625 0.1078125
2 0.65390625 0.3453125 0.07421875 0.06953125
2 0.71015625 0.4859375 0.09140625 0.115625
0 0.803125 0.8296875 0.09375 0.12734375
0 0.83984375 0.5890625 0.14921875 0.1109375
2 0.71171875 0.6296875 0.0578125 0.05078125
2 0.74296875 0.321875 0.13671875 0.09375
2 0.80859375 0.43359375 0.11328125 0.125
2 0.56484375 0.6140625 0.04296875 0.040625
2 0.8734375 0.38359375 0.08671875 0.07421875
2 0.68046875 0.8140625 0.06953125 0.084375
2 0.46875 0.58203125 0.06953125 0.06953125
2 0.56484375 0.65859375 0.02890625 0.0359375
2 0.7953125 0.68359375 0.13203125 0.09609375
2 0.55625 0.56015625 0.06953125 0.0578125
2 0.453125 0.5109375 0.06484375 0.0671875
2 0.375 0.62734375 0.084375 0.0984375
2 0.9578125 0.4546875 0.084375 0.0984375
2 0.971875 0.59296875 0.05625 0.0640625
2 0.65 0.6140625 0.05078125 0.0484375
2 0.66328125 0.2796875 0.07421875 0.0765625
2 0.93125 0.540625 0.0484375 0.05078125
2 0.6078125 0.6390625 0.0359375 0.03359375
2 0.88828125 0.76796875 0.071875 0.07421875
2 0.5296875 0.65234375 0.0359375 0.04296875
2 0.6875 0.415625 0.040625 0.0453125
2 0.9796875 0.5296875 0.040625 0.06484375
2 0.61796875 0.6234375 0.03359375 0.03828125