2 0.3140625 0.85 0.10546875 0.16796875
2 0.6734375 0.85078125 0.09140625 0.115625
2 0.69375 0.6390625 0.08671875 0.2453125
2 0.24296875 0.21640625 0.06484375 0.18515625
2 0.0375 0.78125 0.06953125 0.11796875
2 0.54296875 0.74375 0.0890625 0.13203125
2 0.17578125 0.09140625 0.06015625 0.1421875
2 0.9390625 0.22265625 0.03828125 0.21875
2 0.0796875 0.1109375 0.06953125 0.17578125
2 0.58203125 0.9625 0.05546875 0.06953125
2 0.24609375 0.95390625 0.0453125 0.0921875
2 0.875 0.12890625 0.03828125 0.1390625
2 0.7765625 0.8703125 0.0484375 0.15390625
2 0.93515625 0.5796875 0.03359375 0.12734375
2 0.65859375 0.9640625 0.02890625 0.071875
2 0.11640625 0.5890625 0.0453125 0.18046875
2 0.14921875 0.22578125 0.03125 0.134375
2 0.6765625 0.10234375 0.040625 0.18046875
2 0.5796875 0.35 0.03828125 0.1390625
2 0.4265625 0.09140625 0.03828125 0.1828125
2 0.475 0.9671875 0.05078125 0.06015625
2 0.7734375 0.971875 0.03125 0.05625
2 0.31328125 0.98515625 0.0921875 0.0296875
2 0.4375 0.375 0.03125 0.15390625
2 0.91328125 0.9203125 0.03125 0.09609375
2 0.7296875 0.09765625 0.0578125 0.1734375
2 0.06484375 0.8890625 0.02421875 0.0796875
2 0.8921875 0.275 0.03359375 0.13203125
2 0.87890625 0.6578125 0.04296875 0.196875
2 0.77265625 0.21484375 0.03125 0.11796875
2 0.01953125 0.95703125 0.03828125 0.08203125
2 0.61171875 0.1546875 0.0359375 0.21171875
2 0.8375 0.36875 0.03125 0.1734375
0 0.70078125 0.9578125 0.04296875 0.084375
2 0.384375 0.9421875 0.03125 0.115625
2 0.9828125 0.54296875 0.03125 0.09140625
2 0.80625 0.16015625 0.0359375 0.14453125
2 0.4984375 0.19609375 0.0265625 0.146875
2 0.46875 0.63359375 0.03359375 0.1703125
2 0.19375 0.6671875 0.02890625 0.2046875
2 0.978125 0.0953125 0.04296875 0.1875
2 0.4234375 0.6359375 0.03828125 0.19453125
2 0.1421875 0.98515625 0.09375 0.0296875
2 0.9734375 0.38671875 0.03359375 0.165625
2 0.36875 0.1359375 0.0265625 0.12734375
2 0.0703125 0.9875 0.0625 0.025
2 0.984375 0.90234375 0.03125 0.103125
2 0.99140625 0.4109375 0.0171875 0.178125
2 0.446875 0.3390625 0.03125 0.23828125
2 0.9890625 0.4546875 0.021875 0.08671875