0 0.80859375 0.61328125 0.0984375 0.14453125
0 0.73828125 0.11640625 0.09140625 0.11796875
0 0.79453125 0.8109375 0.1109375 0.18046875
0 0.52265625 0.6453125 0.10078125 0.115625
0 0.18046875 0.30625 0.084375 0.0890625
0 0.65390625 0.5140625 0.09140625 0.0984375
0 0.52890625 0.80390625 0.0765625 0.10078125
0 0.1390625 0.58046875 0.1203125 0.16796875
0 0.2796875 0.0796875 0.0578125 0.0890625
0 0.51796875 0.41796875 0.10078125 0.1515625
0 0.81484375 0.484375 0.0765625 0.10546875
0 0.34140625 0.49140625 0.06015625 0.16796875
0 0.19140625 0.421875 0.1109375 0.0890625
0 0.10546875 0.4 0.0671875 0.0984375
0 0.0828125 0.303125 0.07421875 0.09140625
0 0.875 0.3375 0.06484375 0.115625
0 0.3453125 0.8453125 0.06484375 0.15859375
0 0.34765625 0.040625 0.0984375 0.08125
0 0.4109375 0.15859375 0.0578125 0.08671875
0 0.134375 0.06640625 0.06484375 0.0796875
0 0.634375 0.7546875 0.0765625 0.11796875
0 0.8640625 0.021875 0.05546875 0.04296875
0 0.65234375 0.2671875 0.0453125 0.09140625
0 0.2125 0.74375 0.0625 0.10546875
0 0.1359375 0.1671875 0.06953125 0.10546875
0 0.89453125 0.15234375 0.03828125 0.084375
0 0.509375 0.146875 0.05546875 0.08671875
0 0.20546875 0.9375 0.0453125 0.08671875
0 0.709375 0.39765625 0.05546875 0.084375
0 0.7546875 0.23203125 0.05546875 0.0796875
0 0.09375 0.02890625 0.0484375 0.0578125
0 0.52265625 0.978125 0.28359375 0.03828125
0 0.50234375 0.0171875 0.05078125 0.03359375
2 0.1921875 0.84765625 0.05078125 0.08203125
2 0.71171875 0.2359375 0.04296875 0.0671875
2 0.7328125 0.3109375 0.06953125 0.084375
2 0.81640625 0.0609375 0.0453125 0.06015625
2 0.4734375 0.06015625 0.053125 0.06484375
2 0.396875 0.94921875 0.0359375 0.09375
2 0.7171875 0.9734375 0.06484375 0.053125
2 0.7453125 0.02265625 0.053125 0.0453125
2 0.45078125 0.71484375 0.02890625 0.06015625
2 0.43046875 0.66328125 0.0359375 0.0625
2 0.0875 0.12265625 0.04296875 0.071875
2 0.1921875 0.20546875 0.0453125 0.05546875
2 0.69375 0.01953125 0.053125 0.03828125