0 0.81015625 0.61171875 0.0984375 0.1421875
0 0.65390625 0.515625 0.0890625 0.09609375
0 0.73828125 0.115625 0.0890625 0.1203125
0 0.796875 0.8125 0.1109375 0.17578125
0 0.18046875 0.3078125 0.084375 0.08671875
0 0.134375 0.5796875 0.12734375 0.16328125
0 0.51953125 0.4171875 0.10546875 0.146875
0 0.18984375 0.421875 0.11328125 0.09140625
0 0.5296875 0.803125 0.0796875 0.10546875
0 0.525 0.6453125 0.0984375 0.11328125
0 0.63828125 0.75625 0.07421875 0.11328125
0 0.81484375 0.484375 0.07421875 0.1078125
0 0.34140625 0.490625 0.05546875 0.165625
0 0.2796875 0.0796875 0.0578125 0.08671875
0 0.08671875 0.3015625 0.0796875 0.09375
0 0.8734375 0.33671875 0.06484375 0.11328125
0 0.3421875 0.8453125 0.0671875 0.15859375
0 0.3484375 0.0421875 0.0984375 0.084375
2 0.73203125 0.3078125 0.071875 0.0796875
0 0.50625 0.15390625 0.05078125 0.0765625
0 0.86328125 0.021875 0.05546875 0.04296875
2 0.19140625 0.8484375 0.0484375 0.0796875
0 0.4109375 0.16015625 0.0578125 0.084375
2 0.4734375 0.0625 0.0453125 0.071875
0 0.65234375 0.2703125 0.04296875 0.09375
0 0.75625 0.23203125 0.05546875 0.0765625
0 0.20546875 0.9375 0.0453125 0.08671875
0 0.89453125 0.15390625 0.03828125 0.08203125
0 0.1296875 0.16796875 0.08671875 0.1078125
2 0.8125 0.06015625 0.040625 0.06015625
0 0.21640625 0.74140625 0.07421875 0.1078125
2 0.74765625 0.02265625 0.0484375 0.0453125
2 0.1921875 0.20703125 0.03828125 0.0578125
2 0.71171875 0.2390625 0.04296875 0.07421875
2 0.4515625 0.7140625 0.0265625 0.06015625
0 0.71015625 0.39765625 0.05078125 0.08203125
2 0.39765625 0.94921875 0.03359375 0.09375
2 0.71875 0.97734375 0.06953125 0.0453125
2 0.8265625 0.1109375 0.040625 0.05078125
0 0.12109375 0.05078125 0.09140625 0.0890625
0 0.5203125 0.9796875 0.290625 0.03828125
2 0.6703125 0.0296875 0.03359375 0.053125
2 0.42890625 0.66015625 0.02890625 0.06484375
2 0.69609375 0.0203125 0.0359375 0.040625
0 0.10234375 0.39921875 0.0671875 0.10546875