0 0.37109375 0.2859375 0.14453125 0.1828125
2 0.5765625 0.5109375 0.15390625 0.18984375
2 0.64296875 0.1140625 0.06484375 0.1203125
2 0.51171875 0.2359375 0.03125 0.06015625
2 0.20078125 0.06640625 0.0484375 0.06484375
2 0.303125 0.89921875 0.0671875 0.071875
2 0.19375 0.29921875 0.05078125 0.0671875
2 0.72734375 0.50859375 0.0265625 0.040625
2 0.8484375 0.19375 0.040625 0.053125
0 0.521875 0.0296875 0.08125 0.059375
2 0.77265625 0.6859375 0.084375 0.1421875
2 0.6359375 0.02734375 0.053125 0.0546875