2 0.4734375 0.4359375 0.06484375 0.071875
2 0.14765625 0.6265625 0.06484375 0.1109375
0 0.75 0.10078125 0.06015625 0.14453125
2 0.6859375 0.22265625 0.0625 0.14453125
2 0.8453125 0.56953125 0.084375 0.13203125
2 0.1265625 0.3703125 0.06953125 0.1109375
2 0.890625 0.8546875 0.09140625 0.103125
2 0.80859375 0.27421875 0.05546875 0.084375
2 0.671875 0.390625 0.071875 0.15625
2 0.209375 0.59140625 0.05078125 0.10546875
2 0.3015625 0.7328125 0.11328125 0.0890625
2 0.89765625 0.353125 0.0484375 0.09375
2 0.646875 0.53984375 0.040625 0.1109375
2 0.71171875 0.53828125 0.0359375 0.07421875
2 0.5625 0.15390625 0.040625 0.09140625
2 0.546875 0.6578125 0.05078125 0.0671875
2 0.67421875 0.7984375 0.1078125 0.08671875
0 0.40625 0.2203125 0.0453125 0.134375
2 0.8953125 0.23046875 0.0625 0.084375
2 0.53515625 0.24375 0.0625 0.11796875
2 0.85234375 0.7984375 0.08203125 0.10546875
2 0.47734375 0.3125 0.0359375 0.08671875
2 0.44921875 0.140625 0.02890625 0.0796875
2 0.35234375 0.109375 0.04296875 0.09609375
2 0.03125 0.08515625 0.0625 0.165625
0 0.34609375 0.2015625 0.04296875 0.09375
2 0.296875 0.2078125 0.053125 0.0984375
2 0.1984375 0.2828125 0.0265625 0.0765625
2 0.9484375 0.696875 0.03125 0.0625
2 0.85 0.421875 0.05078125 0.09375
2 0.96484375 0.353125 0.040625 0.103125
2 0.58203125 0.3734375 0.02890625 0.08671875
2 0.50234375 0.75234375 0.03828125 0.07421875
0 0.59765625 0.2203125 0.0484375 0.11796875
0 0.79921875 0.40234375 0.05546875 0.1515625
2 0.3171875 0.54453125 0.021875 0.04296875
2 0.5734375 0.521875 0.02421875 0.084375
2 0.30859375 0.13359375 0.0265625 0.05546875
2 0.25390625 0.13359375 0.02890625 0.071875
2 0.4203125 0.02890625 0.0359375 0.0578125
2 0.259375 0.27265625 0.0359375 0.08671875
2 0.3015625 0.58984375 0.021875 0.0453125
2 0.07109375 0.16796875 0.01953125 0.0578125
2 0.90625 0.665625 0.03359375 0.05546875
2 0.59765625 0.021875 0.0453125 0.04296875
2 0.5046875 0.52734375 0.021875 0.06015625
2 0.4546875 0.03125 0.01953125 0.05546875
2 0.65390625 0.28984375 0.02421875 0.06015625
2 0.76796875 0.4234375 0.0265625 0.0625
2 0.98671875 0.60546875 0.0265625 0.11328125
2 0.53984375 0.73828125 0.03125 0.04296875
2 0.13359375 0.0171875 0.02421875 0.03359375
2 0.00703125 0.6203125 0.0140625 0.06484375
2 0.52265625 0.26953125 0.03828125 0.0671875
2 0.084375 0.2015625 0.0171875 0.05546875
2 0.3859375 0.2515625 0.03359375 0.08203125
2 0.99375 0.53828125 0.01171875 0.053125