0 0.76796875 0.053125 0.1703125 0.10546875
2 0.7703125 0.759375 0.1109375 0.16796875
2 0.11328125 0.30546875 0.1875 0.21875
0 0.26953125 0.26953125 0.1921875 0.22578125
2 0.26796875 0.8734375 0.0984375 0.19453125
2 0.08046875 0.44609375 0.0890625 0.16796875
0 0.478125 0.91796875 0.1109375 0.125
2 0.92421875 0.58984375 0.103125 0.125
2 0.875 0.0875 0.071875 0.14453125
2 0.9078125 0.80078125 0.0890625 0.15859375
0 0.62890625 0.83515625 0.11796875 0.1421875
2 0.4828125 0.30546875 0.0890625 0.11796875
2 0.6421875 0.69453125 0.09609375 0.15859375
2 0.4234375 0.13671875 0.06953125 0.0984375
2 0.3234375 0.08671875 0.08671875 0.11328125
2 0.56015625 0.64453125 0.07421875 0.1390625
2 0.5375 0.18515625 0.09140625 0.125
2 0.2078125 0.12734375 0.08671875 0.1203125
2 0.37890625 0.92421875 0.08203125 0.11328125
2 0.53828125 0.89921875 0.053125 0.10078125
2 0.54921875 0.053125 0.0765625 0.10546875
2 0.146875 0.13671875 0.0765625 0.09375
2 0.546875 0.2859375 0.0796875 0.1515625
2 0.69609375 0.178125 0.084375 0.16328125
2 0.6453125 0.17421875 0.08203125 0.14921875
0 0.6109375 0.0265625 0.15390625 0.05078125
2 0.01953125 0.28828125 0.03828125 0.13671875
2 0.50234375 0.03515625 0.04296875 0.0671875
2 0.46171875 0.0171875 0.05078125 0.03359375
2 0.5390625 0.97421875 0.165625 0.0515625
2 0.9875 0.60859375 0.025 0.1328125