2 0.31484375 0.58515625 0.13671875 0.115625
2 0.4359375 0.18046875 0.115625 0.0984375
2 0.03515625 0.29296875 0.06953125 0.071875
2 0.85234375 0.45546875 0.10546875 0.103125
2 0.759375 0.234375 0.1109375 0.08671875
2 0.09375 0.3609375 0.0890625 0.0625
2 0.59140625 0.63125 0.11328125 0.09140625
2 0.12734375 0.6828125 0.09375 0.0984375
2 0.2328125 0.69453125 0.08203125 0.103125
2 0.05390625 0.4484375 0.09140625 0.0625
2 0.8578125 0.365625 0.06484375 0.071875
2 0.353125 0.38203125 0.08671875 0.07421875
2 0.0359375 0.54453125 0.071875 0.07421875
2 0.328125 0.7546875 0.1203125 0.08203125
2 0.8328125 0.5625 0.125 0.1203125
2 0.475 0.45703125 0.1203125 0.0765625
2 0.7046875 0.48203125 0.0796875 0.06953125
2 0.5953125 0.28359375 0.06953125 0.05546875
2 0.44921875 0.31015625 0.084375 0.05546875
2 0.4328125 0.41328125 0.071875 0.0453125
2 0.69921875 0.34765625 0.10546875 0.08203125
2 0.78515625 0.3390625 0.09609375 0.08203125
2 0.015625 0.41953125 0.03125 0.06484375
2 0.0625 0.4984375 0.03828125 0.03359375
2 0.94140625 0.22578125 0.0265625 0.04296875