0 0.6109375 0.8078125 0.1078125 0.11328125
0 0.9484375 0.63203125 0.103125 0.1703125
0 0.3296875 0.21875 0.15859375 0.12265625
0 0.44453125 0.86875 0.18515625 0.13671875
0 0.47734375 0.19609375 0.11328125 0.0890625
0 0.14296875 0.25 0.19453125 0.12734375
0 0.47578125 0.36640625 0.103125 0.09609375
0 0.61328125 0.115625 0.16796875 0.103125
0 0.5109375 0.67890625 0.19921875 0.13203125
0 0.5921875 0.2859375 0.09140625 0.06953125
0 0.7296875 0.80625 0.103125 0.0890625
0 0.5890625 0.50625 0.1734375 0.09140625
0 0.6421875 0.89921875 0.0796875 0.040625
0 0.165625 0.6984375 0.15625 0.1078125
0 0.35 0.55546875 0.14921875 0.15859375
0 0.85 0.55546875 0.1203125 0.071875
0 0.2203125 0.4015625 0.125 0.08203125
2 0.0625 0.65234375 0.0796875 0.053125
2 0.08515625 0.8421875 0.08671875 0.0671875
0 0.1734375 0.51796875 0.14453125 0.10078125
0 0.2859375 0.81484375 0.125 0.0984375
0 0.834375 0.46640625 0.10078125 0.05078125
0 0.77890625 0.259375 0.2765625 0.20703125
0 0.74609375 0.91328125 0.084375 0.053125
2 0.946875 0.49296875 0.06953125 0.053125
0 0.9265625 0.1109375 0.0671875 0.10546875
0 0.8890625 0.8390625 0.06484375 0.06953125
2 0.1890625 0.859375 0.07421875 0.0765625
0 0.81484375 0.08671875 0.115625 0.06484375
0 0.9671875 0.834375 0.06484375 0.07421875
0 0.92734375 0.8359375 0.1453125 0.075
2 0.91796875 0.14765625 0.06015625 0.040625
2 0.95703125 0.21171875 0.03359375 0.053125
0 0.42890625 0.98671875 0.10546875 0.0265625
0 0.01328125 0.34765625 0.0265625 0.053125
0 0.0296875 0.56015625 0.0578125 0.1109375
0 0.009375 0.44453125 0.01875 0.0984375
0 0.67421875 0.34765625 0.14453125 0.05546875