0 0.25234375 0.50234375 0.15390625 0.1421875
0 0.5578125 0.5734375 0.19453125 0.19453125
0 0.74375 0.36796875 0.1203125 0.084375
0 0.428125 0.61171875 0.084375 0.0671875
0 0.6234375 0.34375 0.15859375 0.1109375
0 0.13671875 0.38671875 0.23828125 0.17578125
2 0.31015625 0.32421875 0.084375 0.06953125
0 0.29296875 0.2328125 0.3078125 0.16328125
0 0.7609375 0.44921875 0.165625 0.1078125
0 0.334375 0.43046875 0.14921875 0.13671875
2 0.83203125 0.615625 0.1921875 0.13671875
2 0.853125 0.521875 0.09375 0.0796875
2 0.11328125 0.24609375 0.08671875 0.0765625
0 0.92421875 0.46015625 0.1421875 0.103125
2 0.553125 0.634375 0.08671875 0.0796875
2 0.96875 0.54453125 0.0625 0.06015625
2 0.515625 0.32421875 0.07421875 0.08671875
2 0.4953125 0.4265625 0.0765625 0.0671875