0 0.85703125 0.6859375 0.22109375 0.18046875
0 0.2515625 0.1859375 0.209375 0.115625
0 0.4390625 0.515625 0.2046875 0.1734375
0 0.8421875 0.46171875 0.31015625 0.2015625
2 0.37734375 0.56640625 0.0765625 0.07421875
0 0.4203125 0.24375 0.125 0.08203125
0 0.484375 0.6359375 0.09375 0.0578125
2 0.225 0.36171875 0.25 0.14921875
2 0.26171875 0.4859375 0.15859375 0.1078125
0 0.3578125 0.2953125 0.14921875 0.0984375
0 0.546875 0.30625 0.16328125 0.12265625
0 0.68125 0.6671875 0.15625 0.134375
0 0.678125 0.57109375 0.16328125 0.1421875
2 0.76796875 0.50859375 0.084375 0.071875
2 0.5640625 0.45546875 0.06953125 0.0625
2 0.23828125 0.2828125 0.103125 0.0890625
2 0.13125 0.21484375 0.0671875 0.06484375
2 0.62109375 0.3703125 0.06953125 0.0765625
2 0.95859375 0.584375 0.0828125 0.075
2 0.0515625 0.33671875 0.0671875 0.0796875
2 0.0609375 0.44609375 0.0625 0.053125