0 0.65859375 0.7921875 0.10546875 0.13671875
0 0.8171875 0.37265625 0.09375 0.07421875
2 0.740625 0.87109375 0.05546875 0.053125
0 0.8171875 0.31640625 0.0765625 0.0578125
2 0.4890625 0.83203125 0.0765625 0.06484375
2 0.8484375 0.8578125 0.0578125 0.06015625
2 0.7984375 0.77890625 0.06484375 0.0578125
0 0.93984375 0.7140625 0.06015625 0.06484375
2 0.82109375 0.25625 0.07421875 0.071875
2 0.63359375 0.1 0.09140625 0.0765625
2 0.83671875 0.6625 0.071875 0.0625
0 0.8578125 0.56484375 0.09140625 0.0625
2 0.6140625 0.4515625 0.0765625 0.06953125
2 0.3921875 0.1984375 0.08671875 0.06015625
2 0.3578125 0.13671875 0.0890625 0.071875
2 0.51328125 0.62734375 0.05546875 0.05546875
2 0.28125 0.8328125 0.0765625 0.05546875
2 0.3859375 0.53125 0.0984375 0.07421875
2 0.771875 0.625 0.0484375 0.05078125
2 0.26171875 0.6859375 0.08203125 0.0625
2 0.678125 0.6359375 0.0625 0.06015625
2 0.40390625 0.93515625 0.0625 0.04296875
2 0.7390625 0.9375 0.0453125 0.040625
2 0.8890625 0.525 0.05546875 0.0453125
2 0.2078125 0.88828125 0.06015625 0.0484375
2 0.94140625 0.31484375 0.06953125 0.06015625
2 0.9125 0.01953125 0.125 0.03828125
2 0.8078125 0.4984375 0.0984375 0.0625
2 0.6734375 0.5578125 0.05078125 0.04296875
2 0.42890625 0.8953125 0.06015625 0.040625
2 0.31640625 0.5296875 0.05546875 0.0453125
2 0.30625 0.4890625 0.071875 0.05078125
2 0.52421875 0.55546875 0.0484375 0.0484375
2 0.46484375 0.96875 0.084375 0.02890625
2 0.53984375 0.696875 0.0484375 0.05546875
2 0.89765625 0.2125 0.06015625 0.06015625
2 0.8265625 0.0421875 0.071875 0.06015625
2 0.91015625 0.23828125 0.07421875 0.115625
2 0.29921875 0.2390625 0.06953125 0.0484375