2 0.484375 0.5 0.16328125 0.12265625
2 0.86640625 0.321875 0.14453125 0.11796875
0 0.3890625 0.553125 0.0984375 0.08671875
2 0.80859375 0.4546875 0.12265625 0.084375
2 0.92421875 0.4859375 0.0578125 0.053125
0 0.22578125 0.5421875 0.08671875 0.0671875
2 0.75625 0.36328125 0.13671875 0.1390625
2 0.17421875 0.74765625 0.05546875 0.053125
2 0.22734375 0.5875 0.0671875 0.05546875
2 0.8890625 0.4125 0.08203125 0.06953125
0 0.5890625 0.67578125 0.06484375 0.05546875
2 0.60078125 0.43046875 0.08203125 0.0671875
2 0.1109375 0.7796875 0.04296875 0.03828125
2 0.94375 0.53125 0.0890625 0.06484375
2 0.55078125 0.6109375 0.08671875 0.06484375
0 0.8703125 0.56953125 0.071875 0.05546875
0 0.2203125 0.68046875 0.0578125 0.06015625
2 0.15625 0.5375 0.06015625 0.06015625
2 0.134375 0.66796875 0.0578125 0.0625
2 0.38828125 0.73046875 0.0625 0.05078125
2 0.2390625 0.78984375 0.05546875 0.05546875
2 0.09609375 0.73671875 0.053125 0.0484375
2 0.52734375 0.6765625 0.071875 0.06015625
2 0.34140625 0.665625 0.0671875 0.0625
2 0.65234375 0.34140625 0.06953125 0.053125
2 0.959375 0.43515625 0.05546875 0.0453125
2 0.03515625 0.61328125 0.03828125 0.0453125
2 0.65234375 0.60234375 0.07421875 0.071875
2 0.08046875 0.66953125 0.05078125 0.0625
2 0.3296875 0.51171875 0.0625 0.06953125
2 0.740625 0.59609375 0.05546875 0.0484375
2 0.07109375 0.52421875 0.0359375 0.03828125
2 0.540625 0.41015625 0.05078125 0.0453125
2 0.94609375 0.27265625 0.03828125 0.03359375
2 0.27421875 0.6671875 0.06484375 0.06484375
2 0.6140625 0.38125 0.0484375 0.04296875
2 0.85 0.509375 0.08203125 0.084375
2 0.78359375 0.58984375 0.0484375 0.053125
2 0.2984375 0.71640625 0.0484375 0.04296875
2 0.0765625 0.81953125 0.03125 0.03125
2 0.615625 0.509375 0.14921875 0.103125
2 0.7046875 0.63125 0.0578125 0.0453125
2 0.66796875 0.49765625 0.05546875 0.06015625
2 0.77421875 0.5140625 0.07421875 0.06484375
2 0.98671875 0.4828125 0.0265625 0.0453125
2 0.671875 0.546875 0.0453125 0.04296875
2 0.7296875 0.6546875 0.05546875 0.03828125
2 0.45546875 0.69453125 0.08671875 0.08203125
2 0.43046875 0.62109375 0.0984375 0.084375
2 0.9671875 0.32578125 0.0265625 0.03359375
2 0.39296875 0.6140625 0.0578125 0.05078125
2 0.7046875 0.51796875 0.0484375 0.0453125
2 0.7484375 0.63359375 0.03828125 0.03359375
2 0.3796875 0.6859375 0.040625 0.03828125
2 0.29921875 0.72734375 0.06015625 0.071875
2 0.646875 0.50234375 0.09609375 0.08671875