2 0.65625 0.3109375 0.13203125 0.30546875
2 0.228125 0.2171875 0.13203125 0.178125
2 0.5828125 0.125 0.12265625 0.146875
2 0.32421875 0.8609375 0.0890625 0.178125
2 0.27890625 0.9515625 0.08671875 0.09609375
2 0.46640625 0.24140625 0.09609375 0.14453125
2 0.16328125 0.415625 0.07421875 0.19921875
2 0.1828125 0.94453125 0.0984375 0.1109375
2 0.81484375 0.240625 0.115625 0.30546875
2 0.853125 0.54296875 0.07421875 0.18515625
2 0.83046875 0.7078125 0.0625 0.115625
2 0.28828125 0.11328125 0.0671875 0.14921875
2 0.615625 0.62734375 0.06484375 0.1390625
2 0.9265625 0.63671875 0.0671875 0.1296875
2 0.46640625 0.63828125 0.06484375 0.1421875
2 0.678125 0.09609375 0.07421875 0.13671875
2 0.44140625 0.39296875 0.06484375 0.1828125
2 0.384375 0.396875 0.0765625 0.19921875
2 0.14453125 0.1609375 0.084375 0.18046875
2 0.525 0.90859375 0.0796875 0.18046875
2 0.5734375 0.8015625 0.0578125 0.1390625
2 0.5015625 0.7296875 0.06015625 0.11328125
2 0.8796875 0.76328125 0.07421875 0.15625
2 0.90390625 0.3125 0.071875 0.17578125
2 0.46875 0.0328125 0.0671875 0.06484375
2 0.765625 0.8328125 0.06484375 0.196875
2 0.46015625 0.896875 0.06015625 0.146875
2 0.10078125 0.509375 0.08203125 0.1703125
2 0.8109375 0.853125 0.09375 0.2046875
2 0.69921875 0.8109375 0.09140625 0.19453125
2 0.228125 0.853125 0.0625 0.1734375
2 0.95703125 0.3390625 0.06484375 0.125
2 0.5890625 0.025 0.0625 0.05
2 0.53984375 0.02734375 0.0484375 0.0546875
2 0.96015625 0.796875 0.071875 0.1828125
2 0.97578125 0.50859375 0.0484375 0.18046875
2 0.22734375 0.11328125 0.0625 0.1203125
2 0.81015625 0.021875 0.040625 0.04296875
2 0.01796875 0.35234375 0.0359375 0.165625
2 0.98046875 0.71875 0.03828125 0.178125
2 0.87421875 0.025 0.0609375 0.05
2 0.01328125 0.49140625 0.0265625 0.1421875
2 0.7328125 0.01796875 0.06484375 0.0359375