2 0.46015625 0.60546875 0.146875 0.10078125
2 0.18984375 0.53125 0.240625 0.0796875
0 0.4734375 0.69375 0.1421875 0.0890625
0 0.728125 0.38359375 0.13671875 0.115625
0 0.43984375 0.459375 0.1703125 0.134375
2 0.40390625 0.39765625 0.071875 0.05546875
0 0.2953125 0.6453125 0.1421875 0.071875
0 0.79453125 0.6453125 0.28359375 0.09375
0 0.88828125 0.4328125 0.21875 0.1203125
0 0.6875 0.49609375 0.1421875 0.115625
0 0.34140625 0.71015625 0.10078125 0.06015625
0 0.1609375 0.71875 0.1921875 0.0671875
2 0.9625 0.56875 0.07421875 0.06484375
2 0.178125 0.6203125 0.09140625 0.0671875
2 0.74609375 0.578125 0.06484375 0.0484375
2 0.56875 0.6703125 0.05078125 0.06484375
2 0.14765625 0.44140625 0.1921875 0.1078125
2 0.54296875 0.56015625 0.05078125 0.03828125
0 0.5203125 0.36796875 0.07421875 0.03125
2 0.05390625 0.64921875 0.053125 0.040625
2 0.0625 0.40625 0.05078125 0.03359375
2 0.025 0.484375 0.05 0.115625
2 0.0203125 0.51953125 0.040625 0.13203125
0 0.1109375 0.71171875 0.08671875 0.05546875
2 0.97578125 0.50859375 0.0484375 0.0453125
2 0.040625 0.64921875 0.0796875 0.05546875