0 0.459375 0.53515625 0.0984375 0.06484375
2 0.90234375 0.5140625 0.084375 0.06015625
2 0.5375 0.375 0.08671875 0.0671875
2 0.61171875 0.55078125 0.07421875 0.0765625
0 0.55859375 0.31015625 0.0625 0.0671875
0 0.225 0.5109375 0.09375 0.0765625
2 0.50234375 0.32109375 0.06953125 0.06015625
2 0.1359375 0.3140625 0.05546875 0.0671875
2 0.640625 0.37109375 0.06953125 0.0796875
0 0.3859375 0.4703125 0.103125 0.0890625
2 0.3296875 0.5296875 0.0484375 0.053125
2 0.16015625 0.52421875 0.0453125 0.05546875
2 0.80625 0.48203125 0.11328125 0.0625
2 0.24765625 0.38359375 0.0578125 0.0671875
2 0.21171875 0.4484375 0.0796875 0.06484375
0 0.1921875 0.37734375 0.05078125 0.08203125
2 0.79453125 0.5359375 0.06015625 0.04296875
2 0.853125 0.3640625 0.0625 0.05546875
2 0.71875 0.3640625 0.0578125 0.0453125
2 0.021875 0.46015625 0.040625 0.06953125
2 0.28984375 0.42578125 0.04296875 0.0484375
2 0.08203125 0.39296875 0.09609375 0.07421875
2 0.8921875 0.58671875 0.0671875 0.06484375
2 0.8421875 0.4234375 0.07421875 0.071875
2 0.6046875 0.459375 0.1515625 0.084375
2 0.1921875 0.26796875 0.06015625 0.03125
2 0.3171875 0.36640625 0.0578125 0.06484375
2 0.709375 0.50625 0.06015625 0.053125
2 0.70703125 0.43125 0.11328125 0.0796875
2 0.115625 0.390625 0.05546875 0.06953125
2 0.0625 0.2859375 0.053125 0.0578125
2 0.06640625 0.33515625 0.0625 0.053125
2 0.5578125 0.58671875 0.0265625 0.0453125
2 0.9234375 0.43515625 0.053125 0.04296875
2 0.7703125 0.43125 0.0765625 0.07421875
2 0.9625 0.4734375 0.0578125 0.05078125
2 0.39765625 0.3796875 0.0984375 0.08203125
2 0.26328125 0.31015625 0.040625 0.06953125
2 0.8390625 0.62734375 0.03125 0.0671875
2 0.703125 0.321875 0.08203125 0.12734375
2 0.75703125 0.578125 0.07421875 0.07421875
2 0.4203125 0.3171875 0.08671875 0.0578125
2 0.21640625 0.3109375 0.0625 0.0578125
2 0.5171875 0.4578125 0.11796875 0.0765625
2 0.02421875 0.25703125 0.03828125 0.03828125
2 0.3484375 0.2875 0.05078125 0.0265625
2 0.93515625 0.3921875 0.0671875 0.06484375
2 0.28125 0.3109375 0.0671875 0.0625
2 0.35234375 0.3296875 0.053125 0.0484375
2 0.984375 0.428125 0.03125 0.0453125
2 0.99140625 0.58203125 0.0140625 0.06484375
2 0.8578125 0.57421875 0.0890625 0.06015625
2 0.9203125 0.60078125 0.0765625 0.06953125
2 0.48671875 0.4546875 0.06953125 0.071875
2 0.38125 0.3234375 0.08671875 0.05078125
2 0.98515625 0.4484375 0.0296875 0.059375
0 0.96875 0.63125 0.06015625 0.06015625
2 0.9703125 0.55625 0.05078125 0.0484375
2 0.828125 0.55859375 0.08671875 0.06015625
2 0.94609375 0.609375 0.0578125 0.071875
2 0.7921875 0.56015625 0.06484375 0.07421875
2 0.75390625 0.36171875 0.03359375 0.05078125
2 0.678125 0.43125 0.0671875 0.06015625
2 0.9875 0.51640625 0.025 0.0515625
2 0.70078125 0.475 0.08203125 0.040625
2 0.24609375 0.31015625 0.0578125 0.06953125
2 0.98671875 0.55859375 0.0265625 0.06484375
2 0.7078125 0.55390625 0.05546875 0.0578125
2 0.978125 0.5296875 0.04296875 0.0625
2 0.36328125 0.29921875 0.08203125 0.05546875
2 0.7234375 0.56484375 0.071875 0.06953125
2 0.015625 0.390625 0.03125 0.06953125
2 0.00859375 0.515625 0.0140625 0.0578125
0 0.5421875 0.49296875 0.06484375 0.06015625
2 0.7671875 0.4046875 0.053125 0.053125
2 0.0109375 0.37890625 0.01953125 0.06015625
2 0.75859375 0.390625 0.05078125 0.03125
2 0.1453125 0.43046875 0.0578125 0.04296875
2 0.00859375 0.3578125 0.0171875 0.0484375