2 0.578125 0.51171875 0.15859375 0.18984375
0 0.36875 0.28359375 0.14453125 0.1828125
2 0.640625 0.11171875 0.06953125 0.125
2 0.19375 0.29921875 0.05078125 0.06953125
2 0.303125 0.89765625 0.06953125 0.07421875
2 0.77265625 0.6859375 0.08671875 0.14453125
2 0.51328125 0.2359375 0.03359375 0.0625
2 0.728125 0.50859375 0.0265625 0.040625
2 0.2015625 0.06640625 0.0484375 0.06484375
0 0.521875 0.0296875 0.084375 0.059375
2 0.8484375 0.19375 0.03828125 0.053125
2 0.63359375 0.0265625 0.05546875 0.053125