0 0.234375 0.89453125 0.084375 0.10078125
0 0.37109375 0.790625 0.0765625 0.103125
0 0.0515625 0.7859375 0.06015625 0.1078125
0 0.59375 0.29453125 0.0578125 0.06953125
0 0.1453125 0.82421875 0.0359375 0.0671875
0 0.67578125 0.21171875 0.09609375 0.071875
0 0.303125 0.771875 0.06015625 0.0796875
0 0.05625 0.40859375 0.05546875 0.1109375
0 0.2984375 0.59140625 0.0890625 0.09140625
0 0.4125 0.26328125 0.03828125 0.084375
0 0.51796875 0.8640625 0.03125 0.05546875
0 0.8171875 0.0609375 0.0890625 0.115625
0 0.525 0.353125 0.06015625 0.06484375
0 0.11328125 0.9578125 0.03359375 0.053125
0 0.0296875 0.1875 0.03125 0.08203125
0 0.03359375 0.5921875 0.03125 0.05546875
0 0.01171875 0.0796875 0.0234375 0.115625
0 0.41328125 0.48203125 0.0484375 0.0578125
0 0.978125 0.0171875 0.04296875 0.03359375