0 0.234375 0.8953125 0.08671875 0.10546875
0 0.30390625 0.771875 0.06015625 0.0796875
0 0.67578125 0.21015625 0.09375 0.07421875
0 0.146875 0.82421875 0.03828125 0.0671875
0 0.3703125 0.790625 0.0765625 0.10078125
0 0.0515625 0.7875 0.0625 0.1078125
0 0.5921875 0.29296875 0.0578125 0.0671875
0 0.296875 0.58984375 0.08671875 0.09140625
0 0.4109375 0.26171875 0.040625 0.08203125
0 0.51953125 0.8640625 0.03125 0.05546875
0 0.81875 0.0609375 0.08671875 0.11796875
0 0.05546875 0.41015625 0.0484375 0.11328125
0 0.525 0.3546875 0.06015625 0.0625
0 0.11171875 0.96015625 0.03359375 0.053125
0 0.02890625 0.1875 0.03125 0.08203125
0 0.03359375 0.59140625 0.03125 0.0578125
0 0.01171875 0.08125 0.0234375 0.125
0 0.98046875 0.0171875 0.03828125 0.03359375