4 0.9765625 0.58984375 0.97265625 0.5768229171875 0.9697265625 0.5729166671875 0.9462890625 0.5729166671875 0.9443359375 0.5703125 0.8720703125 0.5729166671875 0.8701171875 0.5755208328125 0.8388671875 0.5807291671875 0.8203125 0.59765625 0.8203125 0.6028645828125 0.826171875 0.61328125 0.826171875 0.62109375 0.8203125 0.6341145828125 0.8232421875 0.6432291671875 0.869140625 0.6419270828125 0.9638671875 0.640625 0.9736328125 0.6380208328125 0.9765625 0.6315104171875 0.9765625 0.58984375
4 0.9384765625 0.5182291671875 0.9560546875 0.53125 0.9990234375 0.5286458328125 1 0.4830729171875 0.9892578125 0.4817708328125 0.9853515625 0.484375 0.9833984375 0.4817708328125 0.9814453125 0.484375 0.9326171875 0.4895833328125 0.9228515625 0.5026041671875 0.8505859375 0.5052083328125 0.8408203125 0.5104166671875 0.8212890625 0.5104166671875 0.810546875 0.5143229171875 0.8134765625 0.5182291671875 0.8251953125 0.5182291671875 0.8349609375 0.5338541671875 0.900390625 0.5325520828125 0.9306640625 0.53125 0.9375 0.5221354171875 0.9345703125 0.5182291671875 0.9384765625 0.5182291671875
4 0.802734375 0.6028645828125 0.80859375 0.5924479171875 0.80859375 0.5846354171875 0.8037109375 0.5755208328125 0.7978515625 0.5729166671875 0.7333984375 0.5729166671875 0.7197265625 0.578125 0.716796875 0.58203125 0.7255859375 0.5885416671875 0.732421875 0.6028645828125 0.7275390625 0.6067708328125 0.7119140625 0.609375 0.7021484375 0.6171875 0.6953125 0.63671875 0.6982421875 0.640625 0.7080078125 0.640625 0.7099609375 0.6432291671875 0.80078125 0.6419270828125 0.806640625 0.6393229171875 0.8125 0.6236979171875 0.802734375 0.6080729171875 0.802734375 0.6028645828125
4 0.6572265625 0.609375 0.6513671875 0.6041666671875 0.6376953125 0.6067708328125 0.6298828125 0.6119791671875 0.5986328125 0.6119791671875 0.5791015625 0.6223958328125 0.5654296875 0.6145833328125 0.5478515625 0.6145833328125 0.5400390625 0.6171875 0.533203125 0.62890625 0.5361328125 0.640625 0.669921875 0.6393229171875 0.677734375 0.6315104171875 0.67578125 0.62109375 0.6689453125 0.6119791671875 0.6572265625 0.609375
4 0.65234375 0.55859375 0.66796875 0.5403645828125 0.666015625 0.51953125 0.6591796875 0.5130208328125 0.5556640625 0.515625 0.5537109375 0.5182291671875 0.5205078125 0.5208333328125 0.5185546875 0.5234375 0.4853515625 0.5286458328125 0.4775390625 0.5338541671875 0.46875 0.5481770828125 0.46875 0.5559895828125 0.4755859375 0.5625 0.4853515625 0.5625 0.5107421875 0.5755208328125 0.5341796875 0.5755208328125 0.5361328125 0.578125 0.5458984375 0.578125 0.5478515625 0.5755208328125 0.5517578125 0.578125 0.615234375 0.5768229171875 0.6298828125 0.5755208328125 0.6357421875 0.5677083328125 0.6513671875 0.5677083328125 0.65234375 0.55859375
4 0.515625 0.63671875 0.5078125 0.6341145828125 0.509765625 0.6236979171875 0.525390625 0.6080729171875 0.53515625 0.5872395828125 0.4814453125 0.5833333328125 0.4736328125 0.5859375 0.4619140625 0.5963541671875 0.4443359375 0.6015625 0.43359375 0.6106770828125 0.44140625 0.6236979171875 0.431640625 0.6341145828125 0.4326171875 0.640625 0.4384765625 0.6432291671875 0.466796875 0.6419270828125 0.5029296875 0.640625 0.5048828125 0.6380208328125 0.5126953125 0.640625 0.515625 0.63671875
4 0.39453125 0.63671875 0.3857421875 0.6302083328125 0.3720703125 0.6328125 0.3544921875 0.6276041671875 0.34765625 0.61328125 0.3427734375 0.609375 0.2978515625 0.609375 0.2880859375 0.6171875 0.2841796875 0.6145833328125 0.2685546875 0.6171875 0.26953125 0.62109375 0.2666015625 0.625 0.2587890625 0.6276041671875 0.2333984375 0.6302083328125 0.2314453125 0.6328125 0.2216796875 0.6276041671875 0.2158203125 0.6354166671875 0.2080078125 0.6380208328125 0.19921875 0.6497395828125 0.2021484375 0.65625 0.23828125 0.6549479171875 0.3779296875 0.6458333328125 0.3798828125 0.6432291671875 0.3916015625 0.6432291671875 0.39453125 0.63671875
4 0.3505859375 0.5416666671875 0.3349609375 0.5338541671875 0.2919921875 0.53125 0.2861328125 0.5390625 0.2783203125 0.5416666671875 0.255859375 0.5611979171875 0.255859375 0.5690104171875 0.2724609375 0.5833333328125 0.2783203125 0.5807291671875 0.2802734375 0.5833333328125 0.322265625 0.58203125 0.3505859375 0.5729166671875 0.35546875 0.56640625 0.35546875 0.5481770828125 0.3505859375 0.5416666671875
4 0.1962890625 0.6354166671875 0.2099609375 0.6276041671875 0.212890625 0.6236979171875 0.212890625 0.6158854171875 0.2099609375 0.6119791671875 0.1708984375 0.6015625 0.1650390625 0.6041666671875 0.1201171875 0.6041666671875 0.1181640625 0.6067708328125 0.1083984375 0.6067708328125 0.0830078125 0.6197916671875 0.072265625 0.6341145828125 0.0771484375 0.6432291671875 0.0849609375 0.6458333328125 0.0966796875 0.6614583328125 0.1025390625 0.6640625 0.123046875 0.6627604171875 0.1357421875 0.6614583328125 0.1513671875 0.6536458328125 0.1591796875 0.6458333328125 0.1962890625 0.6354166671875
4 0 0.5638020828125 0.0126953125 0.5703125 0.0185546875 0.5807291671875 0.0302734375 0.5807291671875 0.0322265625 0.5833333328125 0.1318359375 0.5807291671875 0.1337890625 0.5833333328125 0.1455078125 0.5833333328125 0.1494140625 0.59375 0.1640625 0.5924479171875 0.1689453125 0.5859375 0.1845703125 0.578125 0.2470703125 0.5755208328125 0.2529296875 0.5729166671875 0.255859375 0.5690104171875 0.255859375 0.5611979171875 0.271484375 0.54296875 0.2568359375 0.5338541671875 0.2529296875 0.5364583328125 0.2333984375 0.53125 0.1494140625 0.5338541671875 0.1474609375 0.5260416671875 0.1396484375 0.5234375 0.0947265625 0.5260416671875 0.0927734375 0.5286458328125 0.0166015625 0.53125 0.0146484375 0.5338541671875 0 0.53515625 0 0.5638020828125
2 0.9794921875 0.3359375 0.9990234375 0.3359375 1 0.2903645828125 0.9091796875 0.2890625 0.9072265625 0.2916666671875 0.8896484375 0.2916666671875 0.8701171875 0.296875 0.8154296875 0.296875 0.8134765625 0.2994791671875 0.6611328125 0.296875 0.6591796875 0.2994791671875 0.6337890625 0.3020833328125 0.6142578125 0.3098958328125 0.5869140625 0.3125 0.5712890625 0.3229166671875 0.5537109375 0.3203125 0.5478515625 0.3229166671875 0.544921875 0.3294270828125 0.5517578125 0.3385416671875 0.599609375 0.3372395828125 0.7099609375 0.3333333328125 0.7119140625 0.3307291671875 0.9775390625 0.3333333328125 0.9794921875 0.3359375