0 0.505859375 0.2705078125 0.498046875 0.2529296875 0.498046875 0.2451171875 0.4951171875 0.2421875 0.4921875 0.2451171875 0.490234375 0.2744140625 0.482421875 0.2783203125 0.486328125 0.3154296875 0.48828125 0.3173828125 0.48828125 0.3291015625 0.494140625 0.3603515625 0.4970703125 0.361328125 0.5 0.3583984375 0.49869489375000003 0.31763563281249996 0.505859375 0.3583984375 0.5087890625 0.361328125 0.51171875 0.3603515625 0.513671875 0.3583984375 0.513671875 0.3486328125 0.5078125 0.3232421875 0.505859375 0.2705078125
0 0.361771 0.010425678125 0.3638561359375 0.0198087875 0.36420365781249997 0.03857500625 0.361423478125 0.045177934375 0.36281356875 0.058036270312500006 0.366636315625 0.064986721875 0.36628879375 0.0768024890625 0.372196678125 0.085838075 0.379147128125 0.13518628125 0.383664921875 0.1355338046875 0.3871401484375 0.141094165625 0.3888777609375 0.13310114687500002 0.381927309375 0.090008346875 0.3767144703125 0.08757568906249999 0.38053721875 0.07784505625 0.3767144703125 0.064986721875 0.3704590640625 0.0476105921875 0.36628879375 0.0024326578125 0.3562106390625 0.0006950453125 0.3562106390625 0.0045177937500000005 0.361771 0.010425678125
0 0.394438121875 0.20503831875 0.3958282125 0.2185917 0.39965096093749997 0.22623719687500002 0.40034600625000005 0.221719403125 0.40034600625000005 0.2119887703125 0.39791334843750004 0.1977403453125 0.39200546406250003 0.187662190625 0.39096289687499997 0.184882009375 0.39304803125 0.197392821875 0.394438121875 0.20503831875
0 0.4316230375 0.4677653859375 0.43822596562499994 0.5348372421875001 0.4465665078125 0.5748023375 0.4417011921875 0.577930040625 0.4403111015625 0.5859230609375 0.4423962375 0.5907883765624999 0.442743759375 0.5966962609375 0.4389210125 0.6060793703125 0.4493466890625 0.6512573046875 0.45942484375000003 0.7009530328125 0.456297140625 0.7103361421875001 0.46290006874999995 0.7037332125 0.48027619843749997 0.8253661140625 0.5105106625 0.999474925 0.518851203125 1 0.49765232656249997 0.8722816625 0.48861674062500005 0.8086850312499999 0.4924394875 0.7986068765625001 0.49765232656249997 0.7954791734375 0.49765232656249997 0.77636543125 0.489311784375 0.77462781875 0.4854890375 0.7833158828125 0.4663752953125 0.654037484375 0.44552394062499995 0.507382959375 0.4417011921875 0.5032126875 0.435793309375 0.448999165625 0.43683587656249995 0.43787844375 0.429885425 0.42223992812500005 0.42536763125 0.389920328125 0.42084983749999993 0.360380909375 0.42084983749999993 0.355168071875 0.4198072703125 0.346132484375 0.4138993859375 0.34091964531249996 0.41459443125 0.3704590640625 0.4211973609375 0.401736096875 0.4316230375 0.4677653859375
0 0.430232946875 0.34474239375 0.43336065 0.3534304578125 0.433013128125 0.3377919421875 0.4291903796875 0.3169405875 0.4246725859375 0.32354351718749996 0.4274527671875 0.34369982656250003 0.430232946875 0.34474239375
0 0.5553410750000001 0.59808635 0.5525608937500001 0.53448971875 0.5459579640625 0.50946809375 0.5473480546875 0.583837925 0.5532559390625 0.6373564015625 0.5563836421875 0.6606404140625 0.5553410750000001 0.59808635
0 0.509120571875 0.65820775625 0.514333409375 0.6804492015625 0.514333409375 0.6686334328125 0.5146809328125 0.6575127109375 0.512595796875 0.6418741953125 0.504602778125 0.605384325 0.505645346875 0.6356187890625 0.509120571875 0.64569694375 0.509120571875 0.65820775625
0 0.4924394875 0.5414401718749999 0.49174444375000004 0.55429850625 0.49695728125 0.5688944546875 0.49695728125 0.560206390625 0.49730480468750005 0.544915396875 0.49730480468750005 0.538659990625 0.49730480468750005 0.530666971875 0.493829578125 0.5209363390624999 0.49348205624999997 0.5101631390625 0.48792169375 0.5115532296875 0.4910493984375 0.5258016546875 0.49174444375000004 0.530666971875 0.4924394875 0.5414401718749999
0 0.4107716828125 0.191137415625 0.41111920625 0.202953184375 0.412509296875 0.210946203125 0.41424690937499997 0.2196342671875 0.41633204375000005 0.23005994375 0.41702708906249997 0.2418757125 0.420502315625 0.255776615625 0.4232824953125 0.255776615625 0.4211973609375 0.23805296406249998 0.41806965625 0.2182441765625 0.41702708906249997 0.2078185 0.41702708906249997 0.1980878671875 0.41633204375000005 0.18522953281250001 0.41216177343749993 0.16681083593749998 0.40555884375 0.149087184375 0.409729115625 0.170633584375 0.409729115625 0.18175430625 0.4107716828125 0.191137415625
0 0.40486380000000005 0.305819865625 0.408686546875 0.321805903125 0.41633204375000005 0.3141604078125 0.41181425000000005 0.3019971171875 0.409729115625 0.28809621406249997 0.41216177343749993 0.28357842031249997 0.41181425000000005 0.2755854015625 0.41181425000000005 0.26237954375 0.40903407031250005 0.25160634375 0.3982608703125 0.250216253125 0.4013885734375 0.26203202187499997 0.405211321875 0.28218833125 0.40486380000000005 0.305819865625
0 0.5181561593749999 0.9077289640625 0.5212838625 0.9226724359375 0.5282343125 0.9296228875000001 0.528929359375 0.9188496875000001 0.5285818359375 0.9164170281249999 0.52753926875 0.9011260359375 0.5254541328125 0.89452310625 0.523368996875 0.878884590625 0.5212838625 0.8656787328125001 0.521631384375 0.8486501265624999 0.5115532296875 0.841352153125 0.513638365625 0.8747143203125001 0.5164185453125001 0.895913196875 0.5181561593749999 0.9077289640625
0 0.5414401718749999 0.9313605 0.5480431 0.949779196875 0.5463054875 0.926495184375 0.5414401718749999 0.891395403125 0.540397603125 0.8990408999999999 0.5407451265625001 0.915721984375 0.5414401718749999 0.9313605