0 0.3515625 0.5419921875 0.345703125 0.5283203125 0.345703125 0.5087890625 0.3427734375 0.50390625 0.3330078125 0.501953125 0.328125 0.5107421875 0.328125 0.5224609375 0.330078125 0.5244140625 0.328125 0.5498046875 0.32421875 0.5693359375 0.318359375 0.5751953125 0.318359375 0.5927734375 0.330078125 0.6044921875 0.33203125 0.6142578125 0.3349609375 0.6171875 0.337890625 0.6162109375 0.359375 0.5908203125 0.359375 0.5810546875 0.3515625 0.5595703125 0.3515625 0.5419921875
0 0.3681640625 0.587890625 0.3779296875 0.595703125 0.3837890625 0.595703125 0.38671875 0.5927734375 0.388671875 0.5830078125 0.388671875 0.5244140625 0.38671875 0.5146484375 0.3779296875 0.5078125 0.37109375 0.5146484375 0.3671875 0.5244140625 0.3671875 0.5458984375 0.365234375 0.5478515625 0.3671875 0.5537109375 0.365234375 0.5556640625 0.3642578125 0.5703125 0.35546875 0.5595703125 0.357421875 0.5576171875 0.35546875 0.5478515625 0.34765625 0.5263671875 0.34765625 0.5087890625 0.3388671875 0.501953125 0.3330078125 0.501953125 0.328125 0.5068359375 0.328125 0.5478515625 0.32421875 0.5654296875 0.318359375 0.5732421875 0.31640625 0.5869140625 0.318359375 0.5927734375 0.328125 0.6025390625 0.33203125 0.6142578125 0.3349609375 0.6171875 0.337890625 0.6162109375 0.345703125 0.6103515625 0.349609375 0.6025390625 0.3642578125 0.587890625 0.3681640625 0.587890625
0 0.30815526875 0.21733473281250001 0.2958607859375 0.25818414375 0.286739071875 0.29784376562500003 0.27920374375 0.338693178125 0.2942744 0.3454353140625 0.30061994062499997 0.320846346875 0.31558651718749997 0.296388771875 0.3129144234375 0.294670996875 0.321639540625 0.2550113734375 0.324812309375 0.2248700609375 0.33908977500000004 0.19393555468749998 0.34146935156249997 0.162604453125 0.30815526875 0.21733473281250001
0 0.5969683953125 0.4075358859375 0.6010642328125 0.44849426562500005 0.607207990625 0.510955796875 0.615399665625 0.5437225 0.616423625 0.5764892046875 0.6348548968750001 0.5601058531249999 0.63587885625 0.495596403125 0.630759059375 0.45259010312500003 0.630759059375 0.405487965625 0.6338309375 0.3420024765625 0.636902815625 0.311283690625 0.658405965625 0.303092015625 0.652262209375 0.23858256562500002 0.6379267750000001 0.1761210359375 0.6348548968750001 0.11775534375 0.61847154375 0.0348146234375 0.616423625 0.0008601265625 0.5990163140625 0.0008601265625 0.587752759375 0.057177900000000004 0.5887767187499999 0.117591509375 0.587752759375 0.16469364687500002 0.587752759375 0.188244715625 0.589800678125 0.1771449953125 0.59287255625 0.22424713281250003 0.59287255625 0.285684703125 0.6000402734375 0.352242071875 0.5969683953125 0.4075358859375
0 0.636902815625 0.6420226125 0.6348548968750001 0.6297351 0.61847154375 0.6225673828125 0.615399665625 0.628711140625 0.616423625 0.658405965625 0.6266632203125 0.6686455609374999 0.6379267750000001 0.659429925 0.636902815625 0.6420226125
0 0.63587885625 0.6983403859374999 0.6276871796875 0.6901487109375 0.6143757062499999 0.6921966296875001 0.6194955046875 0.6932205890625001 0.617447584375 0.7147237390625001 0.63178301875 0.729059171875 0.640998653125 0.7065320625 0.63587885625 0.6983403859374999
0 0.63587885625 0.801760296875 0.63587885625 0.7904967421875 0.6246153015625 0.7843529859375 0.6215434234375 0.7986884187500001 0.6194955046875 0.8089280140625 0.6348548968750001 0.8119998921875 0.63587885625 0.801760296875
0 0.5488422984375 0.7372508484375 0.5570339734374999 0.7853769453125 0.564201690625 0.8335030421875 0.5764892046875 0.8324790828124999 0.5805850421875001 0.7986884187500001 0.5723933671875 0.7628498359375 0.56727356875 0.7198435359375 0.5867288 0.6727413984374999 0.589800678125 0.656358046875 0.5836569218750001 0.6194955046875 0.5887767187499999 0.593896515625 0.5887767187499999 0.5519141765625 0.5754652453125 0.5324589453125 0.5580579343750001 0.5304110265624999 0.5519141765625 0.5744412859375 0.5478183375000001 0.628711140625 0.5508902171875001 0.709603940625 0.5488422984375 0.7372508484375
0 0.4781890921875 0.232438809375 0.4751172125 0.206839821875 0.46385365937499995 0.2027439828125 0.44439842812499997 0.206839821875 0.44337446875 0.217079415625 0.44439842812499997 0.24984612031250003 0.4577099015625 0.2733971890625 0.47716513125000004 0.2713492703125 0.4781890921875 0.232438809375
0 0.487404728125 0.3614577078125 0.4843328484375 0.3215232859375 0.465901578125 0.311283690625 0.45361406249999997 0.3143555703125 0.45156614375000004 0.326643084375 0.4454223875 0.36350562656249996 0.45259010312500003 0.37374522187500003 0.46999741562499997 0.375793140625 0.487404728125 0.3614577078125
0 0.46999741562499997 0.536554784375 0.47409325312500006 0.5048120390624999 0.46794949687500004 0.44235050937500003 0.46999741562499997 0.4085598453125 0.46794949687500004 0.3901285734375 0.440302590625 0.3870566953125 0.446446346875 0.39934420937500004 0.44747030624999995 0.472045334375 0.4454223875 0.5037880796875001 0.45259010312500003 0.5375787437499999 0.46999741562499997 0.536554784375
0 0.60823195 0.96559381875 0.6256392609375 0.96559381875 0.638950734375 0.9635459000000001 0.6450944921875 0.9287312765625 0.6512382484375 0.8918687343749999 0.65328616875 0.8611499484375 0.6553340875 0.8386228390625 0.6450944921875 0.8273592843750001 0.6430465734374999 0.7864009046875 0.6338309375 0.77718526875 0.615399665625 0.7730894312500001 0.6010642328125 0.7894727828125 0.60618403125 0.82019156875 0.61027986875 0.8406707593749999 0.615399665625 0.8345270015624999 0.6205194640625 0.8611499484375 0.6235913421875 0.9092760453125001 0.611303828125 0.9430667093749999 0.60823195 0.96559381875