2 0.5325 0.78375 0.053125 0.12375
2 0.568125 0.85375 0.01125 0.02
2 0.58125 0.878125 0.021875 0.05625
2 0.59 0.959375 0.02375 0.05625
2 0.649375 0.96625 0.01375 0.0175
2 0.618125 0.9025 0.0175 0.02625
2 0.62375 0.8725 0.01875 0.02625
2 0.66125 0.980625 0.015625 0.01375
2 0.6025 0.78625 0.02375 0.05625
2 0.56875 0.79875 0.0125 0.015625
2 0.5225 0.678125 0.01375 0.021875
2 0.505625 0.625 0.01375 0.01875
2 0.480625 0.586875 0.01375 0.02625
2 0.4725 0.5 0.01375 0.021875
2 0.4725 0.4275 0.02 0.02625
2 0.525625 0.518125 0.0175 0.02375
2 0.51875 0.47875 0.015625 0.0325
2 0.465625 0.5125 0.0125 0.01875
2 0.496875 0.6875 0.0125 0.03125
2 0.5825 0.681875 0.0125 0.02375
2 0.585 0.7075 0.0175 0.028125
2 0.628125 0.9025 0.01875 0.02625
2 0.645 0.91 0.015625 0.02375
2 0.486875 0.18 0.02 0.040625
2 0.48625 0.21625 0.021875 0.02625
2 0.47375 0.25375 0.015625 0.0325
2 0.421875 0.219375 0.01875 0.0325
2 0.443125 0.193125 0.0175 0.02
2 0.4475 0.224375 0.01375 0.02375
2 0.455625 0.28625 0.01375 0.028125
2 0.428125 0.27125 0.015625 0.0175
2 0.43625 0.296875 0.015625 0.03125
2 0.411875 0.2525 0.01375 0.02625
2 0.405625 0.11 0.02375 0.03875
2 0.419375 0.16 0.01125 0.02625
2 0.469375 0.14875 0.01375 0.01875
2 0.425 0.063125 0.025 0.03625
2 0.394375 0.040625 0.01375 0.021875
2 0.44875 0.344375 0.015625 0.02375
2 0.42875 0.32375 0.01375 0.021875
2 0.425 0.34125 0.0125 0.0175
2 0.440625 0.37625 0.009375 0.015625
2 0.430625 0.36375 0.01125 0.015625
2 0.496875 0.36125 0.0125 0.01875
2 0.43375 0.386875 0.01375 0.01125
2 0.43625 0.41875 0.009375 0.0125
2 0.44375 0.44875 0.009375 0.01875
2 0.471875 0.449375 0.0125 0.01375
2 0.455625 0.47625 0.0075 0.015625
2 0.4625 0.4825 0.009375 0.015625
2 0.555 0.588125 0.0125 0.03
2 0.54125 0.550625 0.01125 0.02
2 0.5675 0.62125 0.009375 0.0325
2 0.46875 0.550625 0.0125 0.01125
2 0.5125 0.694375 0.009375 0.02375
2 0.511875 0.66 0.01375 0.03
2 0.56 0.8575 0.01125 0.01875
2 0.6125 0.985 0.015625 0.0175
2 0.52625 0.65 0.0125 0.021875
2 0.525 0.705 0.009375 0.015625
2 0.49 0.505 0.01125 0.01875
2 0.455625 0.456875 0.01125 0.01375
2 0.4875 0.463125 0.015625 0.02
2 0.469375 0.224375 0.01375 0.02375
2 0.4375 0.219375 0.015625 0.03
2 0.4025 0.1875 0.01125 0.01875
