2 0.468125 0.300625 0.03875 0.0825
2 0.4425 0.300625 0.028125 0.08875
2 0.45875 0.36875 0.02 0.040625
2 0.474375 0.43125 0.03 0.065625
2 0.56125 0.51125 0.053125 0.14375
2 0.5175 0.486875 0.021875 0.03
2 0.484375 0.4775 0.015625 0.01375
2 0.51625 0.555 0.0325 0.040625
2 0.51125 0.581875 0.021875 0.02
2 0.53125 0.621875 0.025 0.03125
2 0.5475 0.61 0.0325 0.055
2 0.578125 0.6175 0.01875 0.028125
2 0.4225 0.155625 0.03 0.07375
2 0.415625 0.07625 0.015625 0.021875
2 0.440625 0.06125 0.0625 0.121875
2 0.55875 0.719375 0.02375 0.03875
