2 0.5765625 0.05703125 0.03125 0.0921875
2 0.5796875 0.16640625 0.028125 0.0703125
2 0.53828125 0.08203125 0.0328125 0.1359375
2 0.53984375 0.18828125 0.0265625 0.0640625
2 0.53203125 0.2875 0.0296875 0.103125
2 0.571875 0.77890625 0.0125 0.0296875
2 0.54765625 0.74609375 0.0171875 0.0328125
2 0.55 0.809375 0.015625 0.028125
2 0.52421875 0.8171875 0.0203125 0.0375
2 0.52890625 0.73984375 0.0203125 0.0296875
2 0.58984375 0.81015625 0.0109375 0.0265625
2 0.5953125 0.84765625 0.0125 0.0265625
2 0.5203125 0.9140625 0.025 0.040625
2 0.53359375 0.69609375 0.0203125 0.0296875
