2 0.43125 0.836875 0.0375 0.18
2 0.475625 0.965625 0.02625 0.06875
2 0.47875 0.918125 0.0175 0.0175
2 0.48375 0.845 0.02375 0.065625
2 0.435 0.703125 0.01125 0.025
2 0.4075 0.73 0.0125 0.01875
2 0.47 0.675 0.028125 0.046875
2 0.42875 0.63375 0.02 0.02625
2 0.411875 0.5575 0.02375 0.028125
2 0.444375 0.569375 0.02625 0.02375
2 0.449375 0.599375 0.01375 0.02375
2 0.461875 0.624375 0.02375 0.03875
2 0.478125 0.5725 0.03125 0.0675
2 0.461875 0.475 0.0175 0.040625
2 0.4625 0.41125 0.028125 0.059375
2 0.41625 0.41 0.02625 0.06125
2 0.421875 0.31375 0.03125 0.090625
2 0.4725 0.2775 0.0175 0.07
2 0.42375 0.215625 0.028125 0.04375
2 0.413125 0.149375 0.0325 0.0425
2 0.41 0.17875 0.0175 0.01375
2 0.455 0.146875 0.028125 0.0375
2 0.44875 0.01 0.015625 0.02
2 0.465625 0.03375 0.015625 0.02
