2 0.436875 0.161875 0.01375 0.02
2 0.395 0.14375 0.0125 0.01875
2 0.41 0.0725 0.0175 0.0175
2 0.409375 0.215 0.01875 0.02625
2 0.43375 0.269375 0.01125 0.03625
2 0.42 0.2875 0.015625 0.028125
2 0.440625 0.36125 0.015625 0.01875
2 0.486875 0.4125 0.01375 0.021875
2 0.500625 0.46 0.01125 0.03625
2 0.48875 0.45875 0.015625 0.03625
2 0.478125 0.484375 0.025 0.04375
2 0.506875 0.556875 0.02375 0.0825
2 0.49125 0.55 0.01375 0.021875
2 0.475 0.5425 0.0125 0.021875
2 0.4625 0.5275 0.0125 0.04875
2 0.518125 0.65875 0.0175 0.0325
2 0.50375 0.64125 0.0175 0.0325
2 0.46875 0.62375 0.0125 0.0375
2 0.47375 0.60125 0.009375 0.021875
2 0.48625 0.585 0.009375 0.0175
2 0.536875 0.684375 0.02 0.025
2 0.528125 0.646875 0.0125 0.021875
2 0.53625 0.59625 0.009375 0.02
2 0.540625 0.61375 0.00625 0.0125
2 0.490625 0.713125 0.01875 0.0425
2 0.5175 0.731875 0.021875 0.0325
2 0.519375 0.76 0.02 0.03
2 0.54375 0.7875 0.021875 0.025
2 0.515 0.800625 0.02 0.02625
2 0.54 0.82625 0.02375 0.0375
2 0.525625 0.86875 0.02625 0.053125
2 0.59 0.925625 0.02 0.02375
2 0.549375 0.96125 0.02 0.03125
2 0.580625 0.83625 0.01125 0.025
2 0.57875 0.986875 0.0175 0.02
2 0.555625 0.986875 0.0175 0.02375
2 0.52875 0.556875 0.01125 0.0425
2 0.469375 0.443125 0.01375 0.02
