2 0.4359375 0.17421875 0.053125 0.1984375
2 0.46953125 0.23515625 0.0234375 0.0703125
2 0.49140625 0.13203125 0.0234375 0.0390625
2 0.42265625 0.02421875 0.0171875 0.0484375
2 0.53515625 0.334375 0.0171875 0.0375
2 0.52890625 0.409375 0.0296875 0.121875
2 0.496875 0.4125 0.025 0.034375
2 0.50859375 0.4828125 0.0203125 0.04375
2 0.56640625 0.69609375 0.0234375 0.0578125
2 0.5703125 0.7625 0.028125 0.053125
2 0.55234375 0.79609375 0.0234375 0.0515625
2 0.57109375 0.86953125 0.0265625 0.0421875
2 0.5546875 0.8515625 0.015625 0.03125
2 0.51953125 0.69296875 0.0171875 0.0203125
2 0.57265625 0.57265625 0.0140625 0.0328125
2 0.54453125 0.503125 0.0109375 0.021875
2 0.58203125 0.6328125 0.0109375 0.021875
