2 0.46171875 0.9234375 0.0234375 0.06875
2 0.44375 0.83359375 0.015625 0.0296875
2 0.39453125 0.76640625 0.0203125 0.0265625
2 0.46328125 0.7328125 0.0234375 0.046875
2 0.47578125 0.6140625 0.0171875 0.05
2 0.4859375 0.665625 0.015625 0.0375
2 0.45234375 0.67265625 0.0203125 0.0390625
2 0.42109375 0.63984375 0.0296875 0.1609375
2 0.4921875 0.53828125 0.01875 0.0328125
2 0.42421875 0.49140625 0.0390625 0.0859375
2 0.48515625 0.41171875 0.0328125 0.0796875
2 0.44375 0.5515625 0.01875 0.021875
2 0.46328125 0.31015625 0.0328125 0.0453125
2 0.44375 0.1484375 0.028125 0.05
2 0.41875 0.3734375 0.01875 0.034375
