2 0.3984375 0.35078125 0.028125 0.0484375
2 0.36015625 0.3265625 0.0234375 0.040625
2 0.409375 0.44765625 0.025 0.0328125
2 0.40390625 0.471875 0.0265625 0.025
2 0.4140625 0.50234375 0.01875 0.0265625
2 0.45546875 0.48671875 0.0203125 0.0296875
2 0.4703125 0.5640625 0.040625 0.08125
2 0.44453125 0.5359375 0.0203125 0.021875
2 0.43671875 0.575 0.0171875 0.021875
2 0.4453125 0.60078125 0.025 0.0234375
2 0.45390625 0.62890625 0.0265625 0.0296875
2 0.51640625 0.65703125 0.0234375 0.0234375
2 0.5390625 0.67890625 0.01875 0.0296875
2 0.52265625 0.60703125 0.0203125 0.0265625
2 0.48359375 0.678125 0.0234375 0.025
2 0.490625 0.69609375 0.01875 0.0171875
2 0.4796875 0.71484375 0.01875 0.0234375
2 0.50390625 0.7484375 0.0171875 0.059375
2 0.52578125 0.79296875 0.0203125 0.0203125
2 0.5796875 0.8078125 0.025 0.034375
2 0.5515625 0.834375 0.015625 0.021875
2 0.51015625 0.85390625 0.0171875 0.0234375
2 0.52578125 0.86171875 0.0171875 0.0203125
2 0.61484375 0.9109375 0.0203125 0.01875
2 0.56328125 0.93984375 0.0171875 0.0234375
2 0.5953125 0.9859375 0.01875 0.015625
2 0.63671875 0.96171875 0.0203125 0.0296875
2 0.57578125 0.98828125 0.0171875 0.0234375
2 0.43828125 0.36640625 0.0171875 0.0265625
2 0.371875 0.2609375 0.01875 0.028125
