2 0.39140625 0.7015625 0.0234375 0.0375
2 0.44765625 0.74921875 0.0140625 0.0359375
2 0.5078125 0.484375 0.028125 0.075
2 0.4796875 0.5640625 0.03125 0.10625
2 0.44765625 0.54765625 0.0234375 0.0203125
2 0.44765625 0.4984375 0.0171875 0.028125
2 0.4875 0.4515625 0.021875 0.03125
2 0.528125 0.384375 0.021875 0.028125
2 0.54375 0.36640625 0.01875 0.0265625
2 0.51640625 0.34921875 0.0203125 0.0203125
2 0.5484375 0.29765625 0.015625 0.0203125
2 0.36640625 0.846875 0.0203125 0.025
2 0.42578125 0.85390625 0.0109375 0.0171875
2 0.41875 0.88203125 0.0125 0.0203125
2 0.60703125 0.0578125 0.0140625 0.01875
2 0.61015625 0.134375 0.0140625 0.01875
2 0.58359375 0.171875 0.0140625 0.021875
2 0.58359375 0.21796875 0.0140625 0.0265625
2 0.54765625 0.14375 0.0109375 0.0125
2 0.571875 0.25390625 0.0125 0.0265625
2 0.41328125 0.64140625 0.0140625 0.0203125
2 0.5859375 0.08203125 0.0125 0.0265625
2 0.56796875 0.0984375 0.0109375 0.015625
