2 0.43828125 0.853125 0.0453125 0.075
2 0.425 0.9234375 0.025 0.04375
2 0.4625 0.90234375 0.0375 0.0515625
2 0.47890625 0.92890625 0.0296875 0.0515625
2 0.44765625 0.9875 0.0328125 0.025
2 0.47109375 0.98125 0.0203125 0.021875
2 0.50078125 0.98828125 0.0203125 0.0234375
2 0.425 0.96640625 0.015625 0.0140625
2 0.503125 0.89609375 0.021875 0.0484375
2 0.49765625 0.884375 0.0203125 0.025
2 0.4875 0.85234375 0.04375 0.0765625
2 0.503125 0.78515625 0.034375 0.0640625
2 0.48125 0.77421875 0.025 0.0265625
2 0.47734375 0.73203125 0.0390625 0.0734375
2 0.4765625 0.6703125 0.034375 0.053125
2 0.50234375 0.65703125 0.0515625 0.1109375
2 0.4625 0.6078125 0.025 0.059375
2 0.4640625 0.52734375 0.046875 0.1015625
2 0.509375 0.4703125 0.040625 0.065625
2 0.5140625 0.40859375 0.034375 0.0484375
2 0.48125 0.375 0.034375 0.046875
2 0.5203125 0.32734375 0.025 0.0765625
2 0.50703125 0.13515625 0.0359375 0.0890625
