2 0.456875 0.37875 0.045 0.06125
2 0.459375 0.565625 0.046875 0.05625
2 0.431875 0.419375 0.03625 0.04875
2 0.4825 0.788125 0.040625 0.06125
2 0.4575 0.84125 0.040625 0.0425
2 0.503125 0.538125 0.040625 0.04875
2 0.495 0.6025 0.03125 0.03625
2 0.44875 0.228125 0.0625 0.09375
2 0.528125 0.219375 0.078125 0.055
2 0.503125 0.300625 0.078125 0.04875
2 0.509375 0.38375 0.075 0.055
2 0.51875 0.450625 0.115625 0.0425
2 0.436875 0.644375 0.055 0.05125
2 0.435 0.756875 0.045 0.06375
2 0.4125 0.855 0.05625 0.053125
2 0.405625 0.968125 0.06375 0.03875
2 0.4575 0.9125 0.046875 0.109375
