2 0.665 0.05125 0.045 0.046875
2 0.706875 0.056875 0.02625 0.03625
2 0.625 0.121875 0.034375 0.034375
2 0.7 0.165 0.021875 0.02375
2 0.6825 0.095 0.025 0.028125
2 0.66125 0.199375 0.01875 0.02375
2 0.62 0.1675 0.028125 0.0375
2 0.6675 0.163125 0.01875 0.02625
2 0.66125 0.2 0.015625 0.015625
2 0.6075 0.265625 0.021875 0.03125
2 0.584375 0.288125 0.025 0.0325
2 0.565 0.3475 0.03 0.04875
2 0.58875 0.4325 0.01875 0.021875
2 0.55625 0.48625 0.034375 0.03125
2 0.549375 0.518125 0.02625 0.03
2 0.51875 0.5175 0.034375 0.034375
2 0.66625 0.228125 0.02 0.025
2 0.499375 0.58125 0.03875 0.034375
2 0.486875 0.631875 0.0425 0.0675
2 0.48125 0.68 0.028125 0.03125
2 0.493125 0.500625 0.02375 0.03875
2 0.5425 0.368125 0.015625 0.03
