2 0.46171875 0.89140625 0.0390625 0.0546875
2 0.51015625 0.74140625 0.0296875 0.0421875
2 0.45859375 0.75 0.0328125 0.03125
2 0.44921875 0.80390625 0.0296875 0.0359375
2 0.5015625 0.82421875 0.021875 0.0296875
2 0.52421875 0.84921875 0.0390625 0.0484375
2 0.5078125 0.784375 0.021875 0.028125
2 0.47734375 0.725 0.0296875 0.034375
2 0.46796875 0.9421875 0.0203125 0.028125
2 0.47109375 0.97578125 0.0203125 0.0296875
2 0.5375 0.5359375 0.0375 0.053125
2 0.46953125 0.52109375 0.0328125 0.0390625
2 0.46796875 0.4796875 0.0296875 0.040625
2 0.4625 0.57734375 0.025 0.0296875
2 0.46875 0.5546875 0.025 0.028125
2 0.56328125 0.1890625 0.0328125 0.040625
2 0.5640625 0.2609375 0.028125 0.04375
2 0.50390625 0.14296875 0.0171875 0.0328125
2 0.51015625 0.70703125 0.0296875 0.0359375
2 0.45234375 0.65625 0.0328125 0.046875
2 0.52421875 0.271875 0.0328125 0.040625
2 0.47734375 0.09765625 0.0421875 0.0703125
2 0.4828125 0.20703125 0.0375 0.0453125
