2 0.190625 0.82890625 0.1375 0.084375
2 0.309375 0.77109375 0.115625 0.1375
2 0.234375 0.69921875 0.175 0.1328125
2 0.35 0.61875 0.084375 0.1125
2 0.36328125 0.51953125 0.096875 0.1015625
2 0.2640625 0.4703125 0.171875 0.240625
2 0.33046875 0.3953125 0.065625 0.090625
2 0.37578125 0.43671875 0.08125 0.1046875
2 0.39296875 0.325 0.0875 0.090625
2 0.5578125 0.203125 0.065625 0.084375
2 0.634375 0.22734375 0.15 0.16875
2 0.5578125 0.09765625 0.1640625 0.1609375
2 0.6015625 0.484375 0.140625 0.115625
2 0.15234375 0.95078125 0.1375 0.096875