2 0.39125 0.70125 0.02375 0.0375
2 0.4475 0.749375 0.01375 0.03625
2 0.5075 0.484375 0.028125 0.075
2 0.48 0.56375 0.03125 0.10625
2 0.4475 0.5475 0.02375 0.02
2 0.4475 0.49875 0.0175 0.028125
2 0.4875 0.45125 0.021875 0.03125
2 0.528125 0.384375 0.021875 0.028125
2 0.54375 0.36625 0.01875 0.02625
2 0.51625 0.349375 0.02 0.02
2 0.54875 0.2975 0.015625 0.02
2 0.36625 0.846875 0.02 0.025
2 0.425625 0.85375 0.01125 0.0175
2 0.41875 0.881875 0.0125 0.02
2 0.606875 0.0575 0.01375 0.01875
2 0.61 0.134375 0.01375 0.01875
2 0.58375 0.171875 0.01375 0.021875
2 0.58375 0.218125 0.01375 0.02625
2 0.5475 0.14375 0.01125 0.0125
2 0.571875 0.25375 0.0125 0.02625
2 0.413125 0.64125 0.01375 0.02
2 0.58625 0.081875 0.0125 0.02625
2 0.568125 0.09875 0.01125 0.015625
