2 0.725 0.0796875 0.1375 0.1375
2 0.68828125 0.54921875 0.153125 0.178125
2 0.7375 0.7296875 0.090625 0.084375
2 0.725 0.97109375 0.09375 0.0578125
2 0.94765625 0.82421875 0.1046875 0.2
2 0.909375 0.70625 0.109375 0.115625
2 0.953125 0.57890625 0.09375 0.1515625
2 0.9328125 0.41640625 0.134375 0.159375
2 0.896875 0.271875 0.1125 0.115625
2 0.465625 0.1375 0.1046875 0.1453125
2 0.47109375 0.5890625 0.1015625 0.2
2 0.43671875 0.7828125 0.0828125 0.109375
2 0.4546875 0.95625 0.1640625 0.0875
2 0.31328125 0.3515625 0.0765625 0.1015625
2 0.3203125 0.24609375 0.090625 0.09375
2 0.30234375 0.1453125 0.1046875 0.13125
2 0.26796875 0.90390625 0.0796875 0.1921875
2 0.1265625 0.70625 0.0953125 0.153125