2 0.51171875 0.11328125 0.0453125 0.0640625
2 0.4828125 0.19609375 0.028125 0.0359375
2 0.4890625 0.240625 0.040625 0.03125
2 0.54296875 0.2578125 0.0453125 0.0375
2 0.50625 0.27578125 0.025 0.0296875
2 0.54375 0.17890625 0.034375 0.0359375
2 0.44921875 0.796875 0.0421875 0.078125
2 0.48828125 0.72734375 0.0390625 0.0484375
2 0.53203125 0.74609375 0.0203125 0.0390625
2 0.521875 0.8109375 0.025 0.0375
2 0.50546875 0.828125 0.0390625 0.04375
2 0.46484375 0.8578125 0.0265625 0.040625
2 0.42109375 0.90703125 0.0421875 0.0859375
2 0.54609375 0.47265625 0.0421875 0.0671875
2 0.4734375 0.48125 0.040625 0.05
2 0.475 0.44609375 0.0375 0.0234375
2 0.47421875 0.42265625 0.0328125 0.0296875
2 0.475 0.34375 0.04375 0.065625
2 0.5703125 0.153125 0.034375 0.05
2 0.46640625 0.51953125 0.0328125 0.0453125
2 0.50546875 0.65859375 0.0359375 0.0734375
2 0.43671875 0.63046875 0.0390625 0.0484375
2 0.540625 0.68671875 0.01875 0.0390625
2 0.525 0.5640625 0.05625 0.0625
