2 0.41796875 0.575 0.1296875 0.14296875
2 0.396875 0.778125 0.153125 0.11640625
2 0.478125 0.68671875 0.16328125 0.1
2 0.5734375 0.6203125 0.0734375 0.06015625
2 0.63359375 0.521875 0.0796875 0.08984375
2 0.5296875 0.5296875 0.0734375 0.06640625
2 0.578125 0.471875 0.0765625 0.06328125
2 0.5515625 0.4046875 0.15 0.1234375
2 0.69140625 0.43984375 0.096875 0.1
2 0.73984375 0.328125 0.16015625 0.0765625
2 0.51015625 0.296875 0.0796875 0.0734375
2 0.60859375 0.15859375 0.08359375 0.08984375
2 0.53984375 0.171875 0.0796875 0.0765625
2 0.603125 0.11328125 0.09296875 0.08671875
2 0.5 0.03828125 0.06640625 0.05703125