2 0.5203125 0.01953125 0.025 0.0390625
2 0.5078125 0.0890625 0.021875 0.028125
2 0.5203125 0.11875 0.015625 0.028125
2 0.4796875 0.115625 0.021875 0.05
2 0.46953125 0.03125 0.0328125 0.05625
2 0.46640625 0.2234375 0.0265625 0.121875
2 0.5203125 0.2078125 0.01875 0.05
2 0.48984375 0.65546875 0.0703125 0.1421875
2 0.525 0.8 0.071875 0.146875
2 0.51640625 0.9203125 0.0171875 0.10625
2 0.55 0.94296875 0.0375 0.0265625
2 0.4828125 0.53359375 0.059375 0.1140625
2 0.46484375 0.33984375 0.0390625 0.1203125
