2 0.58203125 0.4140625 0.15 0.1375
2 0.7953125 0.39140625 0.121875 0.1609375
2 0.69921875 0.47734375 0.1046875 0.171875
2 0.6296875 0.5765625 0.0625 0.0765625
2 0.5265625 0.63984375 0.09375 0.084375
2 0.53515625 0.53125 0.0703125 0.0765625
2 0.4734375 0.58203125 0.065625 0.08125
2 0.40390625 0.55390625 0.1296875 0.15625
2 0.440625 0.70078125 0.1046875 0.1015625
2 0.3234375 0.7515625 0.08125 0.16875
2 0.28984375 0.51015625 0.0765625 0.084375
2 0.1453125 0.61328125 0.09375 0.0875
2 0.159375 0.5421875 0.08125 0.084375
2 0.09765625 0.60859375 0.090625 0.0984375
2 0.02421875 0.49921875 0.0484375 0.0703125