2 0.4015625 0.05625 0.06875 0.1125
2 0.39375 0.1046875 0.028125 0.034375
2 0.39140625 0.17109375 0.0265625 0.0578125
2 0.45234375 0.17578125 0.0234375 0.0453125
2 0.425 0.2796875 0.028125 0.053125
2 0.44140625 0.44140625 0.0359375 0.0640625
2 0.4515625 0.496875 0.025 0.05
2 0.50703125 0.48125 0.0203125 0.06875
2 0.3921875 0.3390625 0.025 0.1
2 0.51484375 0.6 0.0328125 0.146875
2 0.509375 0.69140625 0.034375 0.1296875
2 0.42890625 0.58984375 0.0546875 0.2015625
2 0.4984375 0.7859375 0.028125 0.05625
2 0.47578125 0.77890625 0.0203125 0.0265625
2 0.565625 0.80234375 0.025 0.0296875
2 0.5640625 0.83671875 0.028125 0.0296875
2 0.48359375 0.83359375 0.0234375 0.0265625
2 0.45078125 0.22734375 0.0296875 0.0421875
2 0.41484375 0.3859375 0.0265625 0.04375
2 0.4171875 0.440625 0.015625 0.034375
2 0.5390625 0.7015625 0.021875 0.0375
2 0.4828125 0.8734375 0.021875 0.03125
2 0.50234375 0.90703125 0.0328125 0.0734375
2 0.49375 0.9453125 0.01875 0.015625
