2 0.428125 0.203125 0.0375 0.059375
2 0.31640625 0.06796875 0.0453125 0.1015625
2 0.38515625 0.2015625 0.0328125 0.053125
2 0.4453125 0.34140625 0.034375 0.0734375
2 0.4109375 0.3234375 0.01875 0.021875
2 0.4140625 0.13203125 0.01875 0.0234375
2 0.3671875 0.31015625 0.0125 0.0171875
2 0.40625 0.37265625 0.025 0.0421875
2 0.41875 0.35 0.0125 0.015625
2 0.45625 0.4609375 0.034375 0.0625
2 0.47421875 0.3875 0.0140625 0.01875
2 0.48671875 0.446875 0.0453125 0.09375
2 0.4359375 0.5078125 0.03125 0.06875
2 0.47109375 0.5390625 0.0453125 0.09375
2 0.4484375 0.5671875 0.040625 0.059375
2 0.4734375 0.6171875 0.021875 0.028125
2 0.5078125 0.56171875 0.01875 0.0171875
2 0.45234375 0.6375 0.0484375 0.06875
2 0.48984375 0.66328125 0.0203125 0.0140625
2 0.4890625 0.7328125 0.021875 0.021875
