2 0.5203125 0.01796875 0.0375 0.0359375
2 0.50390625 0.075 0.0484375 0.06875
2 0.4546875 0.0703125 0.0375 0.065625
2 0.48828125 0.1546875 0.0265625 0.053125
2 0.440625 0.14453125 0.028125 0.0421875
2 0.47265625 0.121875 0.0328125 0.06875
2 0.5140625 0.13359375 0.025 0.0421875
2 0.50546875 0.22109375 0.0203125 0.0265625
2 0.434375 0.18828125 0.0125 0.0234375
2 0.45234375 0.25234375 0.0359375 0.1078125
2 0.4828125 0.26171875 0.028125 0.0546875
2 0.42421875 0.28046875 0.0234375 0.0609375
2 0.47890625 0.20625 0.0234375 0.03125
2 0.4890625 0.36484375 0.034375 0.0859375
2 0.46328125 0.378125 0.0234375 0.028125
2 0.46171875 0.334375 0.0265625 0.028125
2 0.43984375 0.353125 0.0390625 0.040625
2 0.43046875 0.38515625 0.0171875 0.0140625
2 0.4234375 0.43203125 0.040625 0.1203125
2 0.4796875 0.44765625 0.021875 0.0359375
2 0.425 0.503125 0.034375 0.0375
2 0.44140625 0.48828125 0.0234375 0.0453125
2 0.45703125 0.49453125 0.0203125 0.0328125
2 0.478125 0.49921875 0.025 0.0234375
2 0.4234375 0.55234375 0.03125 0.0546875
2 0.44296875 0.61875 0.0171875 0.034375
2 0.47265625 0.61484375 0.0171875 0.0234375
2 0.428125 0.68828125 0.01875 0.0359375
2 0.4453125 0.7078125 0.025 0.03125
2 0.46953125 0.68671875 0.0203125 0.0421875
2 0.4515625 0.66953125 0.015625 0.0203125
2 0.4125 0.70703125 0.028125 0.0453125
2 0.4578125 0.765625 0.01875 0.021875
2 0.46796875 0.76015625 0.0171875 0.0171875
2 0.46328125 0.78671875 0.0171875 0.0203125
2 0.41875 0.809375 0.046875 0.05625
2 0.42578125 0.9328125 0.0203125 0.025
2 0.459375 0.95546875 0.021875 0.0140625
2 0.484375 0.46640625 0.015625 0.0203125
