2 0.496875 0.33125 0.034375 0.1125
2 0.484375 0.405625 0.0125 0.03
2 0.5 0.411875 0.015625 0.02375
2 0.50875 0.44 0.0175 0.02625
2 0.519375 0.4775 0.02 0.02375
2 0.528125 0.615625 0.03125 0.059375
2 0.5075 0.55 0.028125 0.0625
2 0.563125 0.60125 0.0175 0.05625
2 0.575625 0.724375 0.03625 0.08
2 0.53125 0.690625 0.021875 0.03125
2 0.58875 0.788125 0.015625 0.02375
2 0.575625 0.828125 0.03625 0.059375
2 0.581875 0.89375 0.02375 0.0375
2 0.600625 0.8725 0.0175 0.02625
2 0.615 0.92625 0.02 0.040625
