2 0.438125 0.853125 0.045 0.075
2 0.425 0.92375 0.025 0.04375
2 0.4625 0.9025 0.0375 0.05125
2 0.47875 0.92875 0.03 0.05125
2 0.4475 0.9875 0.0325 0.025
2 0.47125 0.98125 0.02 0.021875
2 0.500625 0.988125 0.02 0.02375
2 0.425 0.96625 0.015625 0.01375
2 0.503125 0.89625 0.021875 0.04875
2 0.4975 0.884375 0.02 0.025
2 0.4875 0.8525 0.04375 0.07625
2 0.503125 0.785 0.034375 0.06375
2 0.48125 0.774375 0.025 0.02625
2 0.4775 0.731875 0.03875 0.07375
2 0.47625 0.67 0.034375 0.053125
2 0.5025 0.656875 0.05125 0.11125
2 0.4625 0.6075 0.025 0.059375
2 0.46375 0.5275 0.046875 0.10125
2 0.509375 0.47 0.040625 0.065625
2 0.51375 0.40875 0.034375 0.04875
2 0.48125 0.375 0.034375 0.046875
2 0.52 0.3275 0.025 0.07625
2 0.506875 0.135 0.03625 0.08875
