2 0.465625 0.1275 0.03125 0.07375
2 0.521875 0.08875 0.0125 0.028125
2 0.434375 0.018125 0.0125 0.0175
2 0.474375 0.2125 0.0175 0.03125
2 0.46125 0.225625 0.01875 0.0175
2 0.45875 0.26 0.02 0.03
2 0.513125 0.256875 0.02375 0.03625
2 0.54125 0.295 0.01125 0.021875
2 0.540625 0.33625 0.01875 0.034375
2 0.47375 0.399375 0.015625 0.03875
2 0.54125 0.388125 0.0175 0.02375
2 0.54625 0.36375 0.0075 0.01875
2 0.52 0.4475 0.01875 0.0325
2 0.49625 0.449375 0.01375 0.02
2 0.48375 0.47125 0.02 0.06375
2 0.485 0.515 0.01125 0.01125
2 0.53375 0.86 0.01375 0.0175
