2 0.52 0.018125 0.0375 0.03625
2 0.50375 0.075 0.04875 0.06875
2 0.455 0.07 0.0375 0.065625
2 0.488125 0.155 0.02625 0.053125
2 0.440625 0.144375 0.028125 0.0425
2 0.4725 0.121875 0.0325 0.06875
2 0.51375 0.13375 0.025 0.0425
2 0.505625 0.22125 0.02 0.02625
2 0.434375 0.188125 0.0125 0.02375
2 0.4525 0.2525 0.03625 0.1075
2 0.4825 0.261875 0.028125 0.055
2 0.424375 0.280625 0.02375 0.06125
2 0.47875 0.20625 0.02375 0.03125
2 0.48875 0.365 0.034375 0.08625
2 0.463125 0.378125 0.02375 0.028125
2 0.461875 0.334375 0.02625 0.028125
2 0.44 0.353125 0.03875 0.040625
2 0.430625 0.385 0.0175 0.01375
2 0.42375 0.431875 0.040625 0.12
2 0.48 0.4475 0.021875 0.03625
2 0.425 0.503125 0.034375 0.0375
2 0.44125 0.488125 0.02375 0.045
2 0.456875 0.494375 0.02 0.0325
2 0.478125 0.499375 0.025 0.02375
2 0.42375 0.5525 0.03125 0.055
2 0.443125 0.61875 0.0175 0.034375
2 0.4725 0.615 0.0175 0.02375
2 0.428125 0.688125 0.01875 0.03625
2 0.445 0.7075 0.025 0.03125
2 0.469375 0.686875 0.02 0.0425
2 0.45125 0.669375 0.015625 0.02
2 0.4125 0.706875 0.028125 0.045
2 0.4575 0.765625 0.01875 0.021875
2 0.468125 0.76 0.0175 0.0175
2 0.463125 0.786875 0.0175 0.02
2 0.41875 0.809375 0.046875 0.05625
2 0.425625 0.9325 0.02 0.025
2 0.459375 0.955625 0.021875 0.01375
2 0.484375 0.46625 0.015625 0.02
