2 0.465625 0.12734375 0.03125 0.0734375
2 0.521875 0.0890625 0.0125 0.028125
2 0.434375 0.01796875 0.0125 0.0171875
2 0.47421875 0.2125 0.0171875 0.03125
2 0.4609375 0.22578125 0.01875 0.0171875
2 0.45859375 0.26015625 0.0203125 0.0296875
2 0.51328125 0.25703125 0.0234375 0.0359375
2 0.54140625 0.2953125 0.0109375 0.021875
2 0.540625 0.3359375 0.01875 0.034375
2 0.4734375 0.39921875 0.015625 0.0390625
2 0.54140625 0.38828125 0.0171875 0.0234375
2 0.54609375 0.3640625 0.0078125 0.01875
2 0.5203125 0.44765625 0.01875 0.0328125
2 0.49609375 0.44921875 0.0140625 0.0203125
2 0.48359375 0.47109375 0.0203125 0.0640625
2 0.48515625 0.51484375 0.0109375 0.0109375
2 0.53359375 0.86015625 0.0140625 0.0171875
