2 0.4859375 0.42578125 0.134375 0.190625
2 0.58515625 0.6171875 0.078125 0.05625
2 0.6171875 0.51953125 0.10625 0.08125
2 0.81015625 0.5546875 0.1375 0.096875
2 0.91171875 0.4203125 0.1203125 0.096875
2 0.7640625 0.34609375 0.125 0.1453125
2 0.82109375 0.2 0.13125 0.125
2 0.62578125 0.115625 0.153125 0.203125
2 0.4765625 0.69140625 0.165625 0.178125
2 0.29453125 0.85625 0.0921875 0.109375
2 0.66875 0.8 0.209375 0.125
2 0.80703125 0.8171875 0.109375 0.153125
2 0.82421875 0.63828125 0.18125 0.178125
2 0.1859375 0.9765625 0.1453125 0.046875