2 0.1515625 0.54609375 0.184375 0.1671875
2 0.10546875 0.6796875 0.159375 0.1453125
2 0.31328125 0.7015625 0.25625 0.159375
2 0.1796875 0.43125 0.175 0.09375
2 0.121875 0.3109375 0.125 0.1109375
2 0.428125 0.51328125 0.1515625 0.121875
2 0.44609375 0.3984375 0.159375 0.115625
2 0.3390625 0.26484375 0.1890625 0.18125
2 0.3390625 0.13125 0.121875 0.1296875
2 0.61875 0.31484375 0.134375 0.184375
2 0.53515625 0.58671875 0.25625 0.18125
2 0.8125 0.92734375 0.225 0.1453125
2 0.79453125 0.73359375 0.175 0.1265625