2 0.26015625 0.0796875 0.1265625 0.1265625
2 0.29296875 0.51171875 0.13984375 0.16328125
2 0.2484375 0.678125 0.08359375 0.0765625
2 0.26015625 0.93515625 0.08671875 0.1234375
2 0.053125 0.76484375 0.1 0.18359375
2 0.08984375 0.65703125 0.1 0.10703125
2 0.046875 0.53984375 0.09296875 0.13984375
2 0.06796875 0.38984375 0.1234375 0.146875
2 0.1015625 0.25703125 0.103125 0.10703125
2 0.4984375 0.13359375 0.096875 0.13359375
2 0.49296875 0.5484375 0.09296875 0.18359375
2 0.525 0.7265625 0.0765625 0.1
2 0.50859375 0.9203125 0.15 0.146875
2 0.63828125 0.3296875 0.0703125 0.09296875
2 0.63203125 0.23359375 0.08359375 0.08671875
2 0.6484375 0.13984375 0.096875 0.1203125
2 0.6796875 0.86171875 0.0734375 0.2234375
2 0.81015625 0.65703125 0.08671875 0.13984375