2 0.75546875 0.56484375 0.146875 0.121875
2 0.7921875 0.65390625 0.1015625 0.096875
2 0.88671875 0.73984375 0.0875 0.0671875
2 0.853125 0.7921875 0.084375 0.0875
2 0.909375 0.85703125 0.0703125 0.0703125
2 0.6765625 0.7484375 0.115625 0.125
2 0.68515625 0.6765625 0.090625 0.08125
2 0.63671875 0.61875 0.090625 0.096875
2 0.678125 0.3984375 0.0625 0.096875
2 0.6203125 0.4234375 0.059375 0.0703125
2 0.56328125 0.4265625 0.0765625 0.0765625
2 0.853125 0.90234375 0.11875 0.084375
2 0.21484375 0.14140625 0.1015625 0.121875