2 0.5015625 0.08203125 0.009375 0.0265625
2 0.428125 0.14453125 0.015625 0.0265625
2 0.4953125 0.18828125 0.0125 0.0328125
2 0.4625 0.1640625 0.0125 0.021875
2 0.46328125 0.0109375 0.0171875 0.01875
2 0.4359375 0.0171875 0.021875 0.03125
2 0.440625 0.0609375 0.01875 0.03125
2 0.5109375 0.03046875 0.0125 0.0390625
2 0.4484375 0.2109375 0.025 0.025
2 0.43984375 0.25703125 0.0328125 0.0578125
2 0.43671875 0.328125 0.0265625 0.028125
2 0.421875 0.2921875 0.015625 0.025
2 0.4921875 0.3203125 0.01875 0.025
2 0.4765625 0.34453125 0.015625 0.0234375
2 0.41875 0.371875 0.015625 0.04375
2 0.4140625 0.4234375 0.021875 0.05
2 0.453125 0.43984375 0.028125 0.0828125
2 0.4171875 0.50703125 0.01875 0.0265625
2 0.41875 0.55390625 0.03125 0.0515625
2 0.459375 0.521875 0.015625 0.03125
2 0.44140625 0.65859375 0.0265625 0.0734375
2 0.41015625 0.68359375 0.0203125 0.0640625
2 0.47734375 0.64296875 0.0171875 0.0359375
2 0.4671875 0.6703125 0.0125 0.025
2 0.44296875 0.7546875 0.0171875 0.028125
2 0.4484375 0.8 0.021875 0.040625
