2 0.17109375 0.1828125 0.08125 0.13125
2 0.2265625 0.296875 0.13125 0.1109375
2 0.2953125 0.225 0.128125 0.16875
2 0.37265625 0.3359375 0.10625 0.08125
2 0.46796875 0.34921875 0.096875 0.09375
2 0.51484375 0.253125 0.23125 0.1640625
2 0.5875 0.3171875 0.0875 0.0640625
2 0.546875 0.3609375 0.1 0.078125
2 0.6546875 0.37734375 0.0875 0.084375
2 0.771875 0.53515625 0.08125 0.0640625
2 0.7484375 0.609375 0.1609375 0.14375
2 0.87265625 0.53515625 0.1546875 0.1578125
2 0.5015625 0.57734375 0.1109375 0.134375
2 0.05 0.1453125 0.1 0.13125