2 0.375 0.24296875 0.13671875 0.1734375
2 0.58515625 0.28359375 0.14296875 0.1796875
2 0.65859375 0.4265625 0.16328125 0.10703125
2 0.64296875 0.61015625 0.1 0.0796875
2 0.746875 0.70859375 0.1734375 0.103125
2 0.69140625 0.7703125 0.1296875 0.11328125
2 0.81484375 0.81640625 0.1703125 0.11328125
2 0.8484375 0.93984375 0.14296875 0.11328125
2 0.3984375 0.51796875 0.14296875 0.15703125
2 0.26640625 0.453125 0.16640625 0.10703125
2 0.6453125 0.528125 0.0765625 0.08984375
2 0.76015625 0.53515625 0.146875 0.1234375