2 0.56328125 0.56328125 0.0296875 0.0734375
2 0.528125 0.47421875 0.021875 0.0546875
2 0.515625 0.58046875 0.028125 0.1015625
2 0.5140625 0.6625 0.0375 0.05625
2 0.56953125 0.63359375 0.0234375 0.0265625
2 0.5625 0.2796875 0.028125 0.028125
2 0.60546875 0.31875 0.0328125 0.04375
2 0.5921875 0.41953125 0.0375 0.0328125
2 0.484375 0.771875 0.040625 0.059375
2 0.4890625 0.834375 0.034375 0.05
2 0.52109375 0.8703125 0.0296875 0.0375
2 0.5015625 0.93828125 0.04375 0.0765625
2 0.42109375 0.9640625 0.0265625 0.040625
2 0.4390625 0.984375 0.034375 0.03125
2 0.48046875 0.9859375 0.0296875 0.028125
