2 0.1515625 0.8296875 0.0828125 0.134375
2 0.20859375 0.71171875 0.134375 0.1140625
2 0.2796875 0.7859375 0.13125 0.171875
2 0.35859375 0.67265625 0.109375 0.0828125
2 0.45703125 0.65859375 0.1 0.096875
2 0.50546875 0.75703125 0.2375 0.16875
2 0.5796875 0.69140625 0.090625 0.065625
2 0.53828125 0.646875 0.103125 0.0796875
2 0.6484375 0.6296875 0.090625 0.0859375
2 0.76875 0.4671875 0.0828125 0.065625
2 0.74453125 0.39140625 0.165625 0.1484375
2 0.87265625 0.4671875 0.159375 0.1625
2 0.49140625 0.42421875 0.1140625 0.1375
2 0.03984375 0.8671875 0.0796875 0.134375