2 0.86328125 0.8203125 0.084375 0.1375
2 0.80625 0.70078125 0.1375 0.115625
2 0.734375 0.7765625 0.1328125 0.175
2 0.65390625 0.6609375 0.1125 0.084375
2 0.55390625 0.646875 0.1015625 0.096875
2 0.50546875 0.746875 0.240625 0.171875
2 0.4296875 0.6796875 0.090625 0.065625
2 0.471875 0.634375 0.1046875 0.08125
2 0.36015625 0.6171875 0.090625 0.0875
2 0.2375 0.453125 0.084375 0.065625
2 0.2625 0.37578125 0.16875 0.15
2 0.1328125 0.453125 0.1609375 0.1640625
2 0.51953125 0.409375 0.115625 0.140625
2 0.96875 0.859375 0.0625 0.1375