2 0.5875 0.6703125 0.021875 0.065625
2 0.57421875 0.72421875 0.0171875 0.0296875
2 0.5921875 0.7984375 0.015625 0.040625
2 0.59921875 0.7765625 0.0140625 0.01875
2 0.534375 0.62890625 0.01875 0.0359375
2 0.54453125 0.61171875 0.0109375 0.0265625
2 0.51796875 0.56953125 0.0171875 0.0234375
2 0.525 0.5875 0.0125 0.0125
2 0.56328125 0.74375 0.0109375 0.015625
2 0.58671875 0.74375 0.0171875 0.028125
2 0.5515625 0.6703125 0.015625 0.01875
2 0.55234375 0.54375 0.0171875 0.03125
2 0.53046875 0.54375 0.0171875 0.021875
2 0.51640625 0.54296875 0.0109375 0.0171875
2 0.5625 0.51484375 0.034375 0.0859375
2 0.509375 0.48671875 0.015625 0.0265625
2 0.49296875 0.5 0.0140625 0.025
2 0.51484375 0.45625 0.0203125 0.028125
2 0.49453125 0.453125 0.0140625 0.021875
2 0.5078125 0.41875 0.01875 0.021875
2 0.46484375 0.36953125 0.0171875 0.0171875
2 0.48359375 0.34765625 0.0171875 0.0265625
2 0.50546875 0.3890625 0.0171875 0.028125
2 0.465625 0.3421875 0.009375 0.025
2 0.47734375 0.32421875 0.0109375 0.0234375
2 0.45859375 0.30390625 0.0109375 0.0265625
2 0.46953125 0.26484375 0.0140625 0.0265625
2 0.44765625 0.26875 0.0140625 0.040625
2 0.54375 0.4578125 0.0125 0.015625
2 0.49609375 0.07109375 0.0171875 0.0734375
2 0.44765625 0.23515625 0.0109375 0.0171875
2 0.50546875 0.25625 0.0109375 0.021875
2 0.45390625 0.16875 0.0140625 0.034375
2 0.50625 0.20703125 0.01875 0.0640625
2 0.53984375 0.65859375 0.0140625 0.0171875
