2 0.21640625 0.5484375 0.16640625 0.15
2 0.175 0.66796875 0.14296875 0.1296875
2 0.36171875 0.68828125 0.2296875 0.14296875
2 0.24140625 0.4453125 0.15703125 0.08359375
2 0.18984375 0.33671875 0.11328125 0.1
2 0.46484375 0.51796875 0.13671875 0.11015625
2 0.48203125 0.41484375 0.14296875 0.103125
2 0.38515625 0.2953125 0.1703125 0.16328125
2 0.38515625 0.175 0.11015625 0.11640625
2 0.63671875 0.33984375 0.1203125 0.16640625
2 0.56171875 0.58515625 0.2296875 0.16328125
2 0.81171875 0.8984375 0.203125 0.14296875
2 0.7953125 0.71640625 0.15703125 0.11328125