2 0.40625 0.53828125 0.1578125 0.14375
2 0.18203125 0.5625 0.128125 0.16875
2 0.2828125 0.47265625 0.109375 0.18125
2 0.35625 0.36796875 0.065625 0.08125
2 0.46484375 0.3015625 0.1 0.0875
2 0.45625 0.415625 0.0734375 0.08125
2 0.5203125 0.3625 0.06875 0.084375
2 0.59375 0.39140625 0.1359375 0.165625
2 0.55546875 0.2375 0.109375 0.10625
2 0.678125 0.18359375 0.084375 0.1765625
2 0.71328125 0.4375 0.08125 0.0875
2 0.865625 0.32890625 0.1 0.0921875
2 0.85078125 0.4046875 0.084375 0.0875
2 0.915625 0.334375 0.0953125 0.103125
2 0.98359375 0.4484375 0.0328125 0.0734375