2 0.636875 0.12375 0.02375 0.05
2 0.61875 0.10125 0.01875 0.046875
2 0.66 0.04875 0.01375 0.021875
2 0.661875 0.14 0.02 0.02375
2 0.599375 0.193125 0.02 0.03
2 0.5825 0.209375 0.01875 0.03125
2 0.575 0.238125 0.0125 0.02625
2 0.593125 0.296875 0.0325 0.071875
2 0.600625 0.31625 0.01125 0.01375
2 0.62 0.23125 0.015625 0.021875
2 0.56625 0.27625 0.01125 0.025
2 0.58625 0.265 0.015625 0.02625
2 0.663125 0.113125 0.01125 0.0175
2 0.57 0.300625 0.009375 0.0175
2 0.5575 0.296875 0.0125 0.0125
2 0.543125 0.30375 0.0175 0.04875
2 0.555625 0.318125 0.01375 0.02
2 0.61125 0.34 0.015625 0.02375
2 0.546875 0.34125 0.0125 0.0175
2 0.5625 0.350625 0.0125 0.02625
2 0.58125 0.38125 0.0125 0.01875
2 0.588125 0.40375 0.01125 0.02375
2 0.545 0.39 0.01875 0.02
2 0.525625 0.453125 0.03 0.05
2 0.525625 0.41875 0.01125 0.021875
2 0.540625 0.406875 0.009375 0.01375
2 0.555 0.521875 0.01875 0.034375
2 0.5225 0.494375 0.01375 0.01375
2 0.518125 0.54 0.01375 0.02
2 0.484375 0.555 0.015625 0.025
2 0.528125 0.63125 0.015625 0.021875
2 0.465625 0.6425 0.015625 0.021875
2 0.480625 0.7325 0.02 0.0375
2 0.494375 0.728125 0.02 0.028125
2 0.51625 0.684375 0.01375 0.0375
2 0.505 0.65125 0.015625 0.021875
2 0.46625 0.705625 0.0175 0.03
2 0.44875 0.69875 0.01875 0.040625
2 0.459375 0.6225 0.0125 0.0175
2 0.48125 0.5775 0.0125 0.01375
2 0.45125 0.738125 0.01875 0.03875
2 0.4875 0.784375 0.0125 0.028125
2 0.44 0.790625 0.01125 0.01875
2 0.425625 0.79 0.01375 0.0175
2 0.41625 0.75625 0.02 0.04375
2 0.469375 0.68375 0.01375 0.01375
2 0.563125 0.38875 0.01375 0.01875
2 0.543125 0.36125 0.01125 0.01875
2 0.53625 0.37875 0.009375 0.01125
2 0.530625 0.374375 0.0075 0.01125
2 0.599375 0.37375 0.01125 0.0125
2 0.60875 0.375 0.01125 0.0125
2 0.534375 0.60875 0.009375 0.0175
2 0.53 0.596875 0.0125 0.015625
2 0.478125 0.83375 0.015625 0.0325
2 0.44625 0.83625 0.01375 0.01875
2 0.45625 0.8525 0.015625 0.0175
2 0.46625 0.86375 0.01375 0.015625
2 0.405625 0.843125 0.0175 0.02
2 0.431875 0.88 0.0175 0.028125
2 0.388125 0.874375 0.01375 0.0175
2 0.38 0.90375 0.021875 0.03875
2 0.38375 0.925625 0.0175 0.02375
2 0.399375 0.9075 0.01125 0.015625
2 0.4275 0.9275 0.01375 0.02
2 0.413125 0.9275 0.0175 0.03625
2 0.4325 0.950625 0.015625 0.02625
2 0.4 0.971875 0.0125 0.021875
2 0.37375 0.955625 0.0125 0.01375
2 0.350625 0.971875 0.02 0.03125
2 0.4225 0.97625 0.01375 0.025
2 0.496875 0.76125 0.00625 0.0125
