2 0.486875 0.2725 0.03625 0.12
2 0.463125 0.28125 0.02 0.040625
2 0.478125 0.41375 0.05 0.128125
2 0.53375 0.655 0.055 0.134375
2 0.565625 0.61875 0.021875 0.01875
2 0.584375 0.669375 0.015625 0.01125
2 0.606875 0.70375 0.01375 0.01375
2 0.6025 0.7625 0.0175 0.01875
2 0.5525 0.75375 0.03875 0.055
2 0.63625 0.8 0.021875 0.015625
2 0.65 0.9275 0.034375 0.06125
2 0.595 0.87875 0.05 0.03
2 0.5625 0.8375 0.015625 0.015625
2 0.56125 0.82 0.01875 0.015625
2 0.649375 0.875 0.0175 0.021875
2 0.603125 0.94625 0.021875 0.02375
2 0.6125 0.9725 0.03125 0.0325
2 0.590625 0.855625 0.021875 0.02
2 0.581875 0.82 0.01375 0.0125
2 0.549375 0.79125 0.0175 0.02625
2 0.590625 0.92375 0.0125 0.025
2 0.628125 0.825625 0.034375 0.0325
2 0.575625 0.553125 0.02 0.028125
2 0.35375 0.128125 0.02 0.021875
2 0.5775 0.800625 0.0075 0.01125
