2 0.528125 0.971875 0.021875 0.025
2 0.55859375 0.87890625 0.0171875 0.0296875
2 0.55 0.9046875 0.015625 0.025
2 0.528125 0.89609375 0.021875 0.0765625
2 0.50390625 0.91015625 0.0234375 0.0703125
2 0.50625 0.81015625 0.034375 0.0609375
2 0.5 0.7671875 0.01875 0.028125
2 0.53203125 0.7171875 0.0234375 0.084375
2 0.53984375 0.78046875 0.0203125 0.0265625
2 0.5140625 0.7421875 0.01875 0.028125
2 0.490625 0.7 0.009375 0.05
2 0.50078125 0.70859375 0.0171875 0.0203125
2 0.50390625 0.68515625 0.0234375 0.0234375
2 0.50078125 0.659375 0.0171875 0.021875
2 0.51328125 0.6125 0.0203125 0.025
2 0.559375 0.6078125 0.015625 0.025
2 0.546875 0.62890625 0.015625 0.0203125
2 0.51484375 0.55 0.0234375 0.05
2 0.52109375 0.5078125 0.0140625 0.01875
2 0.56171875 0.4859375 0.0203125 0.046875
2 0.5296875 0.46484375 0.01875 0.0234375
2 0.50234375 0.4453125 0.0203125 0.025
2 0.5625 0.3859375 0.021875 0.05
2 0.5078125 0.3578125 0.015625 0.028125
2 0.49609375 0.37421875 0.0171875 0.0171875
2 0.546875 0.35390625 0.015625 0.0234375
2 0.5234375 0.2921875 0.015625 0.0375
2 0.5453125 0.26484375 0.021875 0.0328125
2 0.559375 0.27734375 0.025 0.0265625
2 0.50546875 0.29765625 0.0203125 0.0484375
2 0.51953125 0.2609375 0.0203125 0.0375
2 0.54375 0.16171875 0.021875 0.0234375
2 0.55625 0.15 0.01875 0.021875
2 0.5671875 0.1390625 0.01875 0.021875
2 0.57109375 0.1765625 0.0109375 0.03125
2 0.50546875 0.1515625 0.0140625 0.03125
2 0.50703125 0.0625 0.0171875 0.028125
2 0.53359375 0.06484375 0.0140625 0.0296875
2 0.5515625 0.07109375 0.015625 0.0265625
2 0.49609375 0.11640625 0.0140625 0.0203125
2 0.49453125 0.09140625 0.0234375 0.0265625
2 0.5171875 0.08984375 0.01875 0.0203125
2 0.56171875 0.0453125 0.0171875 0.028125
2 0.48984375 0.01484375 0.0140625 0.0296875
2 0.5375 0.025 0.015625 0.028125
2 0.503125 0.03515625 0.01875 0.0140625
2 0.540625 0.11640625 0.021875 0.0296875
2 0.50234375 0.9890625 0.0140625 0.01875
2 0.5640625 0.67578125 0.015625 0.0265625
2 0.51796875 0.65703125 0.0140625 0.0203125
2 0.50078125 0.58359375 0.0171875 0.0296875
