1 0.0296875 0.1859375 0.05859375 0.053125
1 0.01171875 0.79765625 0.0234375 0.1703125
1 0.08359375 0.8828125 0.1265625 0.19140625
1 0.203125 0.75 0.046875 0.159375
1 0.2515625 0.75 0.04375 0.13828125
1 0.328125 0.15390625 0.06171875 0.13828125
1 0.48671875 0.13828125 0.0796875 0.12734375
1 0.6453125 0.10625 0.05625 0.14921875
1 0.3 0.89375 0.046875 0.08515625
1 0.2234375 0.946875 0.10625 0.08515625
1 0.63125 0.7875 0.15625 0.14921875
1 0.4453125 0.696875 0.05 0.09609375
1 0.3796875 0.696875 0.04140625 0.13828125
1 0.36328125 0.78203125 0.05625 0.09609375
1 0.83359375 0.234375 0.06171875 0.12734375
1 0.7484375 0.13828125 0.04375 0.08515625
1 0.20703125 0.05859375 0.03828125 0.07421875
1 0.78828125 0.80859375 0.15859375 0.1703125
1 0.121875 0.2765625 0.06796875 0.08515625
1 0.453125 0.87265625 0.03515625 0.08515625