1 0.46484375 0.2724609375 0.455078125 0.2626953125 0.451171875 0.2548828125 0.4423828125 0.25390625 0.439453125 0.2568359375 0.435546875 0.2744140625 0.439453125 0.3076171875 0.4482421875 0.322265625 0.4521484375 0.32421875 0.458984375 0.3232421875 0.466796875 0.3134765625 0.46875 0.3056640625 0.466796875 0.2802734375 0.46484375 0.2724609375
1 0.443359375 0.4482421875 0.435546875 0.4423828125 0.43359375 0.4365234375 0.423828125 0.4248046875 0.4208984375 0.421875 0.4150390625 0.421875 0.404296875 0.4345703125 0.40234375 0.4697265625 0.41015625 0.5068359375 0.4208984375 0.515625 0.427734375 0.5146484375 0.44140625 0.5009765625 0.447265625 0.4892578125 0.447265625 0.4599609375 0.443359375 0.4482421875
1 0.33203125 0.2939453125 0.328125 0.2822265625 0.330078125 0.2646484375 0.3251953125 0.25390625 0.3115234375 0.25 0.3046875 0.2548828125 0.3046875 0.2744140625 0.310546875 0.2939453125 0.314453125 0.3291015625 0.3232421875 0.341796875 0.33203125 0.3447265625 0.3359375 0.3388671875 0.3359375 0.3251953125 0.333984375 0.3232421875 0.33203125 0.2939453125
1 0.2470703125 0.1796875 0.244140625 0.1826171875 0.24609375 0.2060546875 0.2529296875 0.216796875 0.259765625 0.2158203125 0.263671875 0.2099609375 0.26171875 0.1826171875 0.2587890625 0.1796875 0.2470703125 0.1796875
1 0.4580078125 0.19140625 0.453125 0.1962890625 0.453125 0.2158203125 0.4599609375 0.228515625 0.470703125 0.2294921875 0.4765625 0.2236328125 0.474609375 0.2021484375 0.4677734375 0.193359375 0.4580078125 0.19140625
1 0.3154296875 0.376953125 0.3095703125 0.376953125 0.3046875 0.3876953125 0.306640625 0.4111328125 0.3115234375 0.41796875 0.318359375 0.4189453125 0.32421875 0.4130859375 0.32421875 0.3955078125 0.318359375 0.3798828125 0.3154296875 0.376953125
1 0.2333984375 0.421875 0.228515625 0.4287109375 0.228515625 0.4443359375 0.23046875 0.4462890625 0.23046875 0.4580078125 0.2353515625 0.462890625 0.23828125 0.4619140625 0.2421875 0.4580078125 0.2421875 0.4404296875 0.23828125 0.4267578125 0.2333984375 0.421875
1 0.2822265625 0.5859375 0.2744140625 0.5859375 0.26953125 0.5927734375 0.2734375 0.6279296875 0.27734375 0.6376953125 0.28515625 0.6416015625 0.294921875 0.6337890625 0.29296875 0.6044921875 0.2890625 0.5908203125 0.2822265625 0.5859375
1 0.2744140625 0.650390625 0.2685546875 0.650390625 0.26171875 0.6591796875 0.263671875 0.6806640625 0.2744140625 0.697265625 0.287109375 0.6962890625 0.2890625 0.6943359375 0.287109375 0.6689453125 0.279296875 0.6552734375 0.2744140625 0.650390625
1 0.3388671875 0.615234375 0.3310546875 0.615234375 0.32421875 0.6240234375 0.328125 0.6572265625 0.333984375 0.6708984375 0.3427734375 0.677734375 0.34765625 0.6767578125 0.349609375 0.6513671875 0.34765625 0.6494140625 0.345703125 0.6240234375 0.3388671875 0.615234375
1 0.51953125 0.7041015625 0.5107421875 0.6953125 0.5068359375 0.6953125 0.5 0.7001953125 0.49609375 0.7080078125 0.49609375 0.7353515625 0.5078125 0.7568359375 0.5126953125 0.759765625 0.515625 0.7587890625 0.5234375 0.7529296875 0.52734375 0.7451171875 0.52734375 0.7236328125 0.51953125 0.7041015625
1 0.349609375 0.7470703125 0.3408203125 0.736328125 0.3349609375 0.736328125 0.32421875 0.7470703125 0.32421875 0.7646484375 0.330078125 0.7802734375 0.3369140625 0.787109375 0.3515625 0.7861328125 0.353515625 0.7822265625 0.353515625 0.7646484375 0.349609375 0.7548828125 0.349609375 0.7470703125
1 0.2978515625 0.791015625 0.2939453125 0.791015625 0.291015625 0.7958984375 0.291015625 0.8076171875 0.294921875 0.8251953125 0.3017578125 0.833984375 0.30859375 0.8330078125 0.310546875 0.8310546875 0.310546875 0.8212890625 0.3046875 0.7998046875 0.2978515625 0.791015625
1 0.3291015625 0.833984375 0.3212890625 0.833984375 0.318359375 0.8388671875 0.3203125 0.8583984375 0.32421875 0.8681640625 0.3271484375 0.87109375 0.330078125 0.8701171875 0.337890625 0.8623046875 0.337890625 0.8486328125 0.333984375 0.8388671875 0.3291015625 0.833984375
1 0.287109375 0.8369140625 0.275390625 0.8291015625 0.2734375 0.8212890625 0.2666015625 0.8125 0.2607421875 0.8125 0.2578125 0.8154296875 0.255859375 0.8310546875 0.265625 0.8720703125 0.2705078125 0.876953125 0.2734375 0.8759765625 0.2763671875 0.87109375 0.2939453125 0.873046875 0.294921875 0.8642578125 0.287109375 0.8369140625
1 0.4482421875 0.91015625 0.443359375 0.9130859375 0.4375 0.9248046875 0.44140625 0.9638671875 0.4453125 0.9716796875 0.44921875 0.9970703125 0.4521484375 1 0.466796875 0.9990234375 0.46875 0.9951171875 0.466796875 0.9365234375 0.462890625 0.9248046875 0.4482421875 0.91015625
1 0.4072265625 0.9609375 0.40234375 0.9677734375 0.40234375 0.9853515625 0.40625 0.9970703125 0.4091796875 1 0.416015625 0.9990234375 0.41796875 0.9970703125 0.41796875 0.9775390625 0.4140625 0.9658203125 0.4072265625 0.9609375
1 0.373046875 0.9736328125 0.373046875 0.9951171875 0.3759765625 1 0.390625 0.9990234375 0.392578125 0.9814453125 0.3818359375 0.96875 0.3779296875 0.96875 0.373046875 0.9736328125
1 0.328125 0.9912109375 0.3291015625 1 0.3515625 0.9990234375 0.3427734375 0.98046875 0.3349609375 0.98046875 0.33203125 0.9833984375 0.328125 0.9912109375
1 0.4208984375 0.580078125 0.416015625 0.5888671875 0.41796875 0.6025390625 0.4228515625 0.611328125 0.431640625 0.6103515625 0.435546875 0.6064453125 0.4375 0.5927734375 0.4287109375 0.58203125 0.4208984375 0.580078125
1 0.4638671875 0.388671875 0.458984375 0.3955078125 0.458984375 0.4111328125 0.4638671875 0.421875 0.47265625 0.4208984375 0.478515625 0.4130859375 0.4765625 0.3935546875 0.4716796875 0.388671875 0.4638671875 0.388671875
1 0.2666015625 0.09765625 0.263671875 0.1025390625 0.263671875 0.1162109375 0.26953125 0.1298828125 0.2724609375 0.1328125 0.279296875 0.1318359375 0.279296875 0.1064453125 0.275390625 0.0966796875 0.2724609375 0.095703125 0.2666015625 0.09765625