1 0.19921875 0.7294921875 0.2021484375 0.736328125 0.20703125 0.7353515625 0.212890625 0.7314453125 0.2119140625 0.72265625 0.2060546875 0.72265625 0.19921875 0.7294921875
1 0.619140625 0.4208984375 0.619140625 0.4248046875 0.623046875 0.4248046875 0.62890625 0.4208984375 0.6279296875 0.416015625 0.6240234375 0.416015625 0.619140625 0.4208984375
1 0.79296875 0.2470703125 0.798828125 0.2470703125 0.818359375 0.2294921875 0.8173828125 0.224609375 0.8017578125 0.236328125 0.79296875 0.2470703125
1 0.982421875 0.0751953125 0.9853515625 0.080078125 0.9921875 0.0791015625 1 0.0751953125 0.9990234375 0.0625 0.9892578125 0.064453125 0.982421875 0.0751953125
1 0.95703125 0.1396484375 0.962890625 0.1455078125 0.9794921875 0.126953125 0.9716796875 0.125 0.9609375 0.1318359375 0.95703125 0.1396484375
1 0.8525390625 0.22265625 0.861328125 0.2216796875 0.865234375 0.2177734375 0.8642578125 0.212890625 0.8515625 0.2177734375 0.8525390625 0.22265625
1 0.853515625 0.2470703125 0.8544921875 0.25 0.86328125 0.2509765625 0.87109375 0.2431640625 0.8701171875 0.240234375 0.8603515625 0.240234375 0.853515625 0.2470703125
1 0.255859375 0.7666015625 0.2587890625 0.771484375 0.265625 0.7705078125 0.26953125 0.7685546875 0.2685546875 0.759765625 0.2607421875 0.76171875 0.255859375 0.7666015625
1 0.162109375 0.8134765625 0.1650390625 0.81640625 0.16796875 0.8154296875 0.173828125 0.8115234375 0.1728515625 0.8046875 0.1669921875 0.806640625 0.162109375 0.8134765625
1 0.236328125 0.7138671875 0.234375 0.7197265625 0.2392578125 0.724609375 0.24609375 0.7236328125 0.25 0.7197265625 0.25 0.7138671875 0.2431640625 0.708984375 0.236328125 0.7138671875
1 0.318359375 0.7294921875 0.318359375 0.7373046875 0.328125 0.7392578125 0.3359375 0.7353515625 0.333984375 0.7275390625 0.3212890625 0.7265625 0.318359375 0.7294921875