1 0.0966796875 0.515625 0.09375 0.5205078125 0.0966796875 0.52734375 0.1328125 0.5283203125 0.140625 0.5244140625 0.140625 0.5205078125 0.1357421875 0.515625 0.0966796875 0.515625
1 0.1572265625 0.548828125 0.1552734375 0.55078125 0.1337890625 0.55078125 0.130859375 0.5537109375 0.130859375 0.5595703125 0.1376953125 0.5625 0.169921875 0.5615234375 0.173828125 0.5595703125 0.173828125 0.5537109375 0.1689453125 0.55078125 0.1572265625 0.548828125
1 0.052734375 0.5576171875 0.0556640625 0.564453125 0.0703125 0.5634765625 0.072265625 0.5576171875 0.0693359375 0.5546875 0.0556640625 0.5546875 0.052734375 0.5576171875
1 0.185546875 0.5791015625 0.1884765625 0.5859375 0.20703125 0.5849609375 0.208984375 0.5810546875 0.2060546875 0.578125 0.1884765625 0.576171875 0.185546875 0.5791015625
1 0.2109375 0.5693359375 0.2158203125 0.57421875 0.23046875 0.5751953125 0.232421875 0.5673828125 0.2294921875 0.564453125 0.2138671875 0.56640625 0.2109375 0.5693359375
1 0.2431640625 0.529296875 0.2578125 0.5283203125 0.259765625 0.5244140625 0.2548828125 0.521484375 0.240234375 0.5244140625 0.2431640625 0.529296875
1 0.287109375 0.5380859375 0.2880859375 0.533203125 0.2734375 0.5341796875 0.2744140625 0.5390625 0.287109375 0.5380859375
1 0.380859375 0.5498046875 0.3857421875 0.5546875 0.40234375 0.5537109375 0.404296875 0.5498046875 0.4013671875 0.546875 0.3837890625 0.546875 0.380859375 0.5498046875
1 0.46875 0.5224609375 0.4716796875 0.52734375 0.48828125 0.5263671875 0.490234375 0.5224609375 0.4873046875 0.51953125 0.4716796875 0.51953125 0.46875 0.5224609375
1 0.458984375 0.5068359375 0.4638671875 0.51171875 0.474609375 0.5107421875 0.478515625 0.5068359375 0.4755859375 0.50390625 0.4619140625 0.50390625 0.458984375 0.5068359375
1 0.451171875 0.5048828125 0.4521484375 0.5 0.421875 0.5009765625 0.4228515625 0.505859375 0.451171875 0.5048828125
1 0.5380859375 0.576171875 0.5048828125 0.578125 0.501953125 0.5810546875 0.501953125 0.5888671875 0.5048828125 0.591796875 0.53515625 0.5908203125 0.5498046875 0.587890625 0.552734375 0.5830078125 0.5478515625 0.578125 0.5380859375 0.576171875
1 0.5751953125 0.552734375 0.572265625 0.5556640625 0.5771484375 0.5625 0.587890625 0.5615234375 0.5986328125 0.560546875 0.599609375 0.5556640625 0.5966796875 0.552734375 0.5751953125 0.552734375
1 0.6025390625 0.48828125 0.59765625 0.4912109375 0.59765625 0.4951171875 0.6064453125 0.501953125 0.650390625 0.5009765625 0.654296875 0.4990234375 0.654296875 0.4931640625 0.6513671875 0.490234375 0.6025390625 0.48828125
1 0.70703125 0.5654296875 0.7080078125 0.572265625 0.716796875 0.5732421875 0.7275390625 0.572265625 0.73046875 0.5673828125 0.7275390625 0.564453125 0.70703125 0.5654296875
1 0.708984375 0.5205078125 0.708984375 0.5322265625 0.7119140625 0.53515625 0.740234375 0.5341796875 0.7421875 0.5283203125 0.7333984375 0.51953125 0.7138671875 0.517578125 0.708984375 0.5205078125
1 0.8671875 0.5205078125 0.865234375 0.5185546875 0.8671875 0.5126953125 0.8642578125 0.509765625 0.8623046875 0.51171875 0.8447265625 0.509765625 0.8408203125 0.505859375 0.8173828125 0.505859375 0.798828125 0.5166015625 0.7998046875 0.529296875 0.8134765625 0.53125 0.8212890625 0.53515625 0.8271484375 0.533203125 0.841796875 0.5341796875 0.8486328125 0.525390625 0.8544921875 0.52734375 0.8642578125 0.5234375 0.8671875 0.5205078125
1 0.9365234375 0.505859375 0.9345703125 0.50390625 0.9208984375 0.505859375 0.9169921875 0.50390625 0.912109375 0.5087890625 0.912109375 0.5263671875 0.9150390625 0.53125 0.9765625 0.5302734375 0.98046875 0.5224609375 0.98046875 0.5126953125 0.9755859375 0.505859375 0.9365234375 0.505859375
1 0.7216796875 0.48828125 0.6962890625 0.48828125 0.689453125 0.4912109375 0.6904296875 0.494140625 0.7001953125 0.498046875 0.7265625 0.4970703125 0.7412109375 0.49609375 0.7421875 0.4912109375 0.7236328125 0.490234375 0.7216796875 0.48828125
1 0.2607421875 0.49609375 0.2587890625 0.498046875 0.232421875 0.4990234375 0.232421875 0.5126953125 0.2353515625 0.515625 0.271484375 0.5146484375 0.283203125 0.5107421875 0.283203125 0.5029296875 0.2802734375 0.498046875 0.2607421875 0.49609375
1 0.13671875 0.4990234375 0.1318359375 0.49609375 0.0986328125 0.494140625 0.0966796875 0.4921875 0.0693359375 0.4921875 0.056640625 0.5029296875 0.0595703125 0.509765625 0.0791015625 0.515625 0.0908203125 0.515625 0.0927734375 0.517578125 0.1181640625 0.517578125 0.1201171875 0.515625 0.130859375 0.5185546875 0.138671875 0.5146484375 0.138671875 0.5087890625 0.134765625 0.5048828125 0.13671875 0.4990234375