1 0.165625 0.30390625 0.0875 0.103125
1 0.1796875 0.425 0.1078125 0.090625
1 0.12421875 0.59609375 0.1328125 0.18125
1 0.334375 0.496875 0.071875 0.1875
1 0.509375 0.421875 0.1046875 0.15625
1 0.41171875 0.15078125 0.06875 0.084375
1 0.26796875 0.06640625 0.06875 0.096875
1 0.740625 0.10546875 0.09375 0.1375
1 0.65859375 0.26171875 0.05 0.103125
1 0.7125 0.40078125 0.05 0.090625
1 0.521875 0.6625 0.1 0.1203125
1 0.53203125 0.8375 0.0796875 0.109375
1 0.33828125 0.8765625 0.071875 0.1875
1 0.2046875 0.76796875 0.0796875 0.115625
1 0.19453125 0.96328125 0.0359375 0.0734375
1 0.890625 0.340625 0.06875 0.115625
1 0.91015625 0.14140625 0.0359375 0.090625
1 0.821875 0.6328125 0.1046875 0.15625
1 0.8078125 0.84375 0.11875 0.18125
1 0.64375 0.77734375 0.078125 0.1203125
1 0.82578125 0.496875 0.075 0.115625
1 0.5109375 0.14765625 0.05 0.078125
1 0.87734375 0.02109375 0.05 0.0421875