1 0.121875 0.07734375 0.0328125 0.0640625
1 0.21796875 0.31484375 0.040625 0.0734375
1 0.3 0.74453125 0.040625 0.0734375
1 0.30546875 0.66171875 0.040625 0.0734375
1 0.33515625 0.559375 0.040625 0.0734375
1 0.29609375 0.47421875 0.040625 0.0734375
1 0.29375 0.35546875 0.040625 0.0734375
1 0.32890625 0.22890625 0.040625 0.0734375
1 0.30390625 0.12734375 0.040625 0.0734375
1 0.0203125 0.9515625 0.040625 0.0734375
1 0.096875 0.14609375 0.040625 0.0734375
1 0.0421875 0.89453125 0.040625 0.0734375
1 0.03828125 0.59765625 0.040625 0.0734375
1 0.075 0.4546875 0.040625 0.0734375
1 0.11015625 0.271875 0.040625 0.0734375
1 0.4578125 0.76640625 0.040625 0.0734375
1 0.41875 0.67578125 0.040625 0.0734375
1 0.4734375 0.59296875 0.040625 0.0734375
1 0.4796875 0.48828125 0.040625 0.0734375
1 0.4171875 0.4359375 0.040625 0.0734375
1 0.43671875 0.32890625 0.040625 0.0734375
1 0.46796875 0.28359375 0.040625 0.0734375
1 0.50859375 0.27421875 0.040625 0.0734375
1 0.4796875 0.0578125 0.040625 0.0734375
1 0.4359375 0.8203125 0.0703125 0.0875
1 0.540625 0.11484375 0.046875 0.06875
1 0.59765625 0.1375 0.046875 0.03828125
1 0.609375 0.18046875 0.046875 0.05234375
1 0.60546875 0.2671875 0.03515625 0.05
1 0.6640625 0.78046875 0.03515625 0.05
1 0.646875 0.54765625 0.03515625 0.05
1 0.671875 0.6546875 0.03515625 0.05
1 0.6078125 0.61640625 0.03515625 0.05
1 0.603125 0.53125 0.03515625 0.05
1 0.64453125 0.48125 0.03515625 0.05
1 0.56875 0.3671875 0.03515625 0.05
1 0.6 0.67578125 0.03515625 0.05
1 0.63203125 0.73359375 0.040625 0.04765625
1 0.6859375 0.84453125 0.046875 0.0640625
1 0.6234375 0.88984375 0.05078125 0.0546875
1 0.6796875 0.98203125 0.04296875 0.03125
1 0.425 0.9125 0.0453125 0.05703125
1 0.18671875 0.678125 0.0375 0.0640625
1 0.15703125 0.7859375 0.025 0.03828125
1 0.1390625 0.87890625 0.04296875 0.06171875
1 0.6234375 0.07734375 0.046875 0.10703125
1 0.54609375 0.01328125 0.025 0.02578125
1 0.1 0.3609375 0.04296875 0.04765625
1 0.74921875 0.065625 0.0328125 0.0546875
1 0.784375 0.12265625 0.0296875 0.040625
1 0.82890625 0.228125 0.0375 0.04765625
1 0.8515625 0.31328125 0.0390625 0.04765625
1 0.8015625 0.04140625 0.05625 0.0828125
1 0.84453125 0.42890625 0.0140625 0.0453125
1 0.81875 0.1671875 0.0390625 0.0359375
1 0.809375 0.42734375 0.021875 0.028125
1 0.8671875 0.56328125 0.0546875 0.0953125
1 0.61328125 0.40625 0.015625 0.03828125
1 0.64765625 0.40390625 0.0296875 0.03359375
1 0.56875 0.29921875 0.03125 0.028125
1 0.57890625 0.084375 0.0140625 0.0453125
1 0.184375 0.44453125 0.0375 0.05234375
1 0.1796875 0.5046875 0.03515625 0.06875
1 0.80390625 0.2765625 0.0140625 0.03125