1 0.345703125 0.8134765625 0.3408203125 0.806640625 0.333984375 0.8251953125 0.333984375 0.8427734375 0.33203125 0.8447265625 0.333984375 0.8466796875 0.333984375 0.8564453125 0.337890625 0.8603515625 0.341796875 0.8564453125 0.34375 0.8369140625 0.345703125 0.8349609375 0.345703125 0.8134765625
1 0.37890625 0.7685546875 0.3740234375 0.763671875 0.3671875 0.7705078125 0.361328125 0.8095703125 0.35546875 0.8212890625 0.359375 0.8310546875 0.3623046875 0.833984375 0.365234375 0.8330078125 0.373046875 0.8173828125 0.373046875 0.8076171875 0.37890625 0.7900390625 0.37890625 0.7685546875
1 0.431640625 0.9091796875 0.4296875 0.8916015625 0.4228515625 0.88671875 0.412109375 0.8974609375 0.404296875 0.9521484375 0.400390625 0.9638671875 0.3984375 0.9892578125 0.396484375 0.9912109375 0.3974609375 1 0.419921875 0.9990234375 0.421875 0.9697265625 0.42578125 0.9580078125 0.4296875 0.9111328125 0.431640625 0.9091796875
1 0.380859375 0.6279296875 0.376953125 0.6455078125 0.376953125 0.6728515625 0.3798828125 0.67578125 0.3828125 0.6748046875 0.390625 0.6650390625 0.390625 0.6318359375 0.3857421875 0.623046875 0.380859375 0.6279296875
1 0.3203125 0.5634765625 0.3134765625 0.5546875 0.3056640625 0.5546875 0.302734375 0.5576171875 0.296875 0.5771484375 0.298828125 0.6044921875 0.306640625 0.6044921875 0.310546875 0.6025390625 0.31640625 0.5927734375 0.3203125 0.5810546875 0.3203125 0.5634765625
1 0.2646484375 0.8125 0.2529296875 0.8125 0.248046875 0.8251953125 0.244140625 0.8291015625 0.24609375 0.8505859375 0.2529296875 0.859375 0.2578125 0.8583984375 0.265625 0.8505859375 0.271484375 0.8330078125 0.271484375 0.8251953125 0.2646484375 0.8125
1 0.283203125 0.6630859375 0.28125 0.6435546875 0.27734375 0.6357421875 0.28125 0.6142578125 0.287109375 0.6064453125 0.287109375 0.5751953125 0.28515625 0.5673828125 0.2802734375 0.5625 0.2734375 0.5693359375 0.267578125 0.6181640625 0.265625 0.6201171875 0.265625 0.6337890625 0.259765625 0.6572265625 0.26171875 0.7158203125 0.263671875 0.7236328125 0.2666015625 0.7265625 0.271484375 0.7255859375 0.283203125 0.7158203125 0.2890625 0.6943359375 0.287109375 0.6708984375 0.283203125 0.6630859375
1 0.423828125 0.7294921875 0.423828125 0.7392578125 0.4287109375 0.744140625 0.431640625 0.7431640625 0.43359375 0.7412109375 0.43359375 0.7197265625 0.4306640625 0.716796875 0.423828125 0.7294921875
1 0.47265625 0.4716796875 0.4697265625 0.466796875 0.4658203125 0.466796875 0.45703125 0.4755859375 0.453125 0.4892578125 0.453125 0.5068359375 0.4619140625 0.517578125 0.46484375 0.5166015625 0.470703125 0.5009765625 0.470703125 0.4833984375 0.47265625 0.4814453125 0.47265625 0.4716796875
1 0.4736328125 0.376953125 0.4658203125 0.376953125 0.462890625 0.3798828125 0.458984375 0.3955078125 0.4609375 0.4091796875 0.4658203125 0.4140625 0.46875 0.4130859375 0.4765625 0.4052734375 0.478515625 0.3955078125 0.478515625 0.3857421875 0.4736328125 0.376953125
1 0.4267578125 0.3125 0.419921875 0.3212890625 0.41796875 0.3427734375 0.4228515625 0.349609375 0.4296875 0.3486328125 0.435546875 0.3369140625 0.435546875 0.3193359375 0.4306640625 0.3125 0.4267578125 0.3125
1 0.3359375 0.3857421875 0.33203125 0.3974609375 0.333984375 0.4111328125 0.3369140625 0.4140625 0.341796875 0.4130859375 0.3515625 0.4033203125 0.3515625 0.3916015625 0.3427734375 0.380859375 0.3359375 0.3857421875
1 0.3173828125 0.330078125 0.310546875 0.3369140625 0.306640625 0.3466796875 0.306640625 0.3583984375 0.310546875 0.3681640625 0.3154296875 0.373046875 0.3203125 0.3720703125 0.326171875 0.3642578125 0.326171875 0.3330078125 0.3232421875 0.330078125 0.3173828125 0.330078125
1 0.373046875 0.3076171875 0.373046875 0.2900390625 0.37109375 0.2841796875 0.3642578125 0.279296875 0.353515625 0.2880859375 0.349609375 0.2978515625 0.3515625 0.3193359375 0.3564453125 0.328125 0.36328125 0.3291015625 0.3671875 0.3271484375 0.37109375 0.3193359375 0.37109375 0.3095703125 0.373046875 0.3076171875
1 0.400390625 0.2529296875 0.3955078125 0.24609375 0.384765625 0.2568359375 0.380859375 0.2744140625 0.3828125 0.2958984375 0.3876953125 0.30078125 0.392578125 0.2998046875 0.404296875 0.2783203125 0.404296875 0.2666015625 0.400390625 0.2587890625 0.400390625 0.2529296875
1 0.3603515625 0.21484375 0.35546875 0.2216796875 0.3515625 0.2451171875 0.3564453125 0.25390625 0.365234375 0.2548828125 0.37109375 0.2431640625 0.37109375 0.2177734375 0.3681640625 0.21484375 0.3603515625 0.21484375
1 0.478515625 0.2041015625 0.4736328125 0.197265625 0.4697265625 0.197265625 0.46484375 0.2021484375 0.45703125 0.2275390625 0.458984375 0.2431640625 0.4638671875 0.248046875 0.46875 0.2470703125 0.474609375 0.2412109375 0.4765625 0.2158203125 0.478515625 0.2138671875 0.478515625 0.2041015625
1 0.4853515625 0.234375 0.4794921875 0.234375 0.470703125 0.2490234375 0.46875 0.2744140625 0.4716796875 0.279296875 0.4765625 0.2802734375 0.482421875 0.2763671875 0.486328125 0.2646484375 0.48828125 0.2412109375 0.4853515625 0.234375
1 0.5029296875 0.1171875 0.49609375 0.1201171875 0.494140625 0.1435546875 0.4921875 0.1455078125 0.4921875 0.1630859375 0.498046875 0.1650390625 0.505859375 0.1591796875 0.51171875 0.1376953125 0.51171875 0.1220703125 0.5029296875 0.1171875
1 0.513671875 0.0810546875 0.509765625 0.0927734375 0.51171875 0.1142578125 0.515625 0.1142578125 0.5234375 0.0908203125 0.5234375 0.0791015625 0.5205078125 0.07421875 0.513671875 0.0810546875
1 0.4931640625 0.052734375 0.4873046875 0.052734375 0.484375 0.0556640625 0.478515625 0.0693359375 0.4765625 0.0927734375 0.4794921875 0.095703125 0.482421875 0.0947265625 0.4912109375 0.09375 0.494140625 0.0908203125 0.49609375 0.0615234375 0.4931640625 0.052734375
1 0.439453125 0.0986328125 0.435546875 0.1181640625 0.4375 0.1240234375 0.4404296875 0.126953125 0.443359375 0.1259765625 0.451171875 0.1123046875 0.451171875 0.0966796875 0.4462890625 0.08984375 0.439453125 0.0986328125
1 0.419921875 0.1123046875 0.41796875 0.1201171875 0.41796875 0.1337890625 0.4228515625 0.140625 0.427734375 0.1396484375 0.43359375 0.1201171875 0.43359375 0.1064453125 0.4306640625 0.103515625 0.419921875 0.1123046875
1 0.4140625 0.0712890625 0.4091796875 0.064453125 0.4052734375 0.064453125 0.396484375 0.0771484375 0.396484375 0.0927734375 0.40234375 0.1044921875 0.396484375 0.1474609375 0.3994140625 0.15234375 0.40625 0.1513671875 0.4140625 0.1337890625 0.4140625 0.1005859375 0.412109375 0.0986328125 0.4140625 0.0712890625
1 0.35546875 0.1494140625 0.353515625 0.1669921875 0.3583984375 0.173828125 0.365234375 0.1728515625 0.369140625 0.1630859375 0.369140625 0.1455078125 0.3623046875 0.142578125 0.35546875 0.1494140625
1 0.3642578125 0.0625 0.35546875 0.0654296875 0.34765625 0.0849609375 0.349609375 0.1044921875 0.3564453125 0.111328125 0.359375 0.1103515625 0.365234375 0.1064453125 0.369140625 0.0908203125 0.369140625 0.0673828125 0.3642578125 0.0625
1 0.4326171875 0 0.423828125 0.0185546875 0.423828125 0.0322265625 0.427734375 0.0419921875 0.4306640625 0.044921875 0.439453125 0.0439453125 0.447265625 0.0205078125 0.4462890625 0 0.4326171875 0
1 0.4140625 0.1923828125 0.4140625 0.2138671875 0.41796875 0.2138671875 0.421875 0.1962890625 0.4208984375 0.181640625 0.416015625 0.1845703125 0.4140625 0.1923828125
1 0.4296875 0.2138671875 0.4296875 0.2294921875 0.43359375 0.2294921875 0.4375 0.2197265625 0.4365234375 0.203125 0.431640625 0.2060546875 0.4296875 0.2138671875
1 0.494140625 0.1923828125 0.494140625 0.2041015625 0.498046875 0.2041015625 0.501953125 0.1962890625 0.5009765625 0.1875 0.4970703125 0.1875 0.494140625 0.1923828125