1 0.5390625 0.00703125 0.03125 0.0140625
1 0.47421875 0.13515625 0.03125 0.04375
1 0.52578125 0.3734375 0.071875 0.103125
1 0.48125 0.31171875 0.03125 0.040625
1 0.54296875 0.196875 0.03125 0.0515625
1 0.49296875 0.20859375 0.0546875 0.103125
1 0.63203125 0.178125 0.0375 0.046875
1 0.6078125 0.0859375 0.03125 0.046875
1 0.696875 0.11484375 0.0453125 0.071875
1 0.59453125 0.02890625 0.025 0.025
1 0.61484375 0.034375 0.025 0.028125
1 0.67109375 0.04609375 0.034375 0.0515625
1 0.71953125 0.04140625 0.034375 0.0546875
1 0.75546875 0.00859375 0.03125 0.0171875
1 0.75703125 0.17265625 0.028125 0.03125
1 0.68515625 0.24296875 0.034375 0.034375
1 0.58046875 0.159375 0.025 0.0375
1 0.68984375 0.18984375 0.025 0.03125
1 0.67265625 0.33046875 0.025 0.03125
1 0.64375 0.3 0.034375 0.065625
1 0.5328125 0.4828125 0.03125 0.034375
1 0.590625 0.50546875 0.025 0.0375
1 0.59765625 0.353125 0.025 0.034375
1 0.56328125 0.33359375 0.025 0.0375
1 0.61328125 0.29140625 0.0203125 0.034375
1 0.68359375 0.3921875 0.03125 0.03125
1 0.61640625 0.4109375 0.0203125 0.028125
1 0.72421875 0.3375 0.03125 0.059375
1 0.72109375 0.390625 0.025 0.028125
1 0.625 0.52734375 0.04375 0.096875
1 0.6796875 0.48984375 0.0515625 0.08125
1 0.69375 0.55 0.04375 0.071875
1 0.4484375 0.60625 0.06875 0.103125
1 0.6390625 0.8546875 0.0453125 0.071875
1 0.64375 0.7109375 0.040625 0.0515625
1 0.64921875 0.75 0.025 0.028125
1 0.67109375 0.675 0.034375 0.0625
1 0.68671875 0.7171875 0.03125 0.0515625
1 0.70703125 0.68828125 0.04375 0.0625
1 0.58203125 0.65234375 0.028125 0.03125
1 0.52734375 0.65390625 0.034375 0.046875
1 0.55859375 0.68671875 0.028125 0.03125
1 0.56328125 0.72265625 0.03125 0.028125
1 0.56015625 0.75 0.03125 0.034375
1 0.56171875 0.7828125 0.034375 0.03125
1 0.56484375 0.83046875 0.034375 0.0515625
1 0.59609375 0.82890625 0.034375 0.028125
1 0.59453125 0.853125 0.03125 0.028125
1 0.69375 0.4265625 0.03125 0.03125
1 0.51171875 0.4453125 0.025 0.028125
1 0.57890625 0.27578125 0.028125 0.03125
1 0.4484375 0.04453125 0.028125 0.034375
1 0.484375 0.90234375 0.0515625 0.1
1 0.5203125 0.803125 0.0546875 0.140625
1 0.5703125 0.92265625 0.0375 0.0515625
1 0.34921875 0.84453125 0.028125 0.0375
1 0.371875 0.840625 0.025 0.03125
1 0.40390625 0.74140625 0.0203125 0.025
1 0.4453125 0.74296875 0.0203125 0.0203125
1 0.428125 0.80859375 0.028125 0.028125
1 0.36953125 0.66640625 0.034375 0.03125
1 0.4109375 0.621875 0.028125 0.03125
1 0.43359375 0.9140625 0.025 0.034375
1 0.39921875 0.9125 0.03125 0.03125
1 0.55859375 0.99296875 0.040625 0.0140625
1 0.5859375 0.9828125 0.028125 0.034375
1 0.6234375 0.90078125 0.040625 0.034375
1 0.61484375 0.94375 0.0515625 0.065625
1 0.378125 0.9484375 0.025 0.034375
1 0.45390625 0.88515625 0.025 0.025
1 0.5328125 0.90234375 0.025 0.025
1 0.4625 0.803125 0.040625 0.03125
1 0.47265625 0.77890625 0.028125 0.03125
1 0.35625 0.97265625 0.040625 0.040625
1 0.359375 0.99140625 0.040625 0.0171875
1 0.521875 0.95 0.025 0.025
1 0.52734375 0.97109375 0.046875 0.03125
1 0.6046875 0.715625 0.025 0.034375
1 0.63203125 0.63046875 0.065625 0.08125
1 0.41953125 0.54765625 0.025 0.028125
1 0.4484375 0.54140625 0.028125 0.034375
1 0.4828125 0.48984375 0.028125 0.034375
1 0.49296875 0.515625 0.0203125 0.03125
1 0.50703125 0.5375 0.028125 0.046875
1 0.52734375 0.53046875 0.0203125 0.040625
1 0.553125 0.5390625 0.025 0.059375
1 0.521875 0.56875 0.03125 0.040625
1 0.52890625 0.60625 0.03125 0.0546875
1 0.47109375 0.4484375 0.0515625 0.103125
1 0.55859375 0.478125 0.0203125 0.03125
1 0.646875 0.371875 0.028125 0.03125
1 0.65546875 0.409375 0.025 0.025
1 0.7328125 0.2359375 0.028125 0.034375
1 0.6625 0.92109375 0.025 0.028125
1 0.67265625 0.82890625 0.025 0.034375
1 0.7484375 0.353125 0.04375 0.171875