1 0.0359375 0.40078125 0.0578125 0.05
1 0.24609375 0.29296875 0.0828125 0.05546875
1 0.390625 0.3234375 0.046875 0.05
1 0.1328125 0.5578125 0.06484375 0.0328125
1 0.021875 0.25390625 0.04296875 0.06640625
1 0.15625 0.71015625 0.0609375 0.071875
1 0.21015625 0.690625 0.05390625 0.04453125
1 0.2953125 0.47265625 0.04296875 0.0609375
1 0.35078125 0.475 0.046875 0.04453125
1 0.39375 0.475 0.0609375 0.06640625
1 0.23203125 0.2265625 0.03203125 0.0109375
1 0.45859375 0.32578125 0.046875 0.06640625
1 0.56484375 0.20703125 0.021875 0.02734375
1 0.47109375 0.59140625 0.04296875 0.04453125
1 0.52890625 0.475 0.04296875 0.06640625
1 0.56328125 0.43671875 0.03984375 0.05546875
1 0.59375 0.4609375 0.04296875 0.0609375
1 0.6296875 0.25390625 0.0578125 0.07734375
1 0.70703125 0.2984375 0.03984375 0.07734375
1 0.69453125 0.48046875 0.05 0.05546875
1 0.66328125 0.5609375 0.0609375 0.071875
1 0.5375 0.69921875 0.0609375 0.05
1 0.65625 0.6546875 0.0609375 0.05
1 0.79296875 0.57421875 0.046875 0.06640625
1 0.88125 0.47265625 0.0359375 0.0609375
1 0.653125 0.190625 0.046875 0.05
1 0.7640625 0.2234375 0.046875 0.071875
1 0.9265625 0.1875 0.06796875 0.05546875
1 0.84140625 0.66875 0.05 0.0328125
1 0.6890625 0.7875 0.03984375 0.02734375
1 0.80234375 0.50546875 0.071875 0.05
1 0.58125 0.33984375 0.06796875 0.05
1 0.859375 0.80078125 0.12265625 0.09921875
1 0.2515625 0.7484375 0.04296875 0.0390625
1 0.3671875 0.21796875 0.04296875 0.05
1 0.8953125 0.546875 0.05 0.05546875
1 0.953125 0.54140625 0.04296875 0.04453125
1 0.49609375 0.7515625 0.04296875 0.04453125
1 0.92265625 0.7125 0.07578125 0.05546875