1 0.721875 0.37109375 0.146875 0.06875
1 0.67421875 0.29453125 0.1078125 0.0640625
1 0.8421875 0.484375 0.25 0.084375
1 0.5328125 0.3171875 0.15 0.09375
1 0.56640625 0.5640625 0.1765625 0.1484375
1 0.26484375 0.6484375 0.1453125 0.115625
1 0.30390625 0.5265625 0.1546875 0.11875
1 0.10078125 0.59375 0.2015625 0.121875
1 0.18359375 0.37734375 0.3125 0.09375
1 0.8484375 0.3953125 0.09375 0.06875
1 0.8640625 0.29375 0.1921875 0.065625
1 0.9734375 0.3625 0.053125 0.04375
1 0.240625 0.4390625 0.075 0.059375
1 0.965625 0.621875 0.0578125 0.0453125
1 0.603125 0.63359375 0.078125 0.0640625
1 0.48203125 0.66875 0.0875 0.034375
1 0.021875 0.43125 0.04375 0.096875
1 0.4296875 0.34375 0.05625 0.071875
1 0.4578125 0.46171875 0.059375 0.04375