1 0.50390625 0.9482421875 0.50390625 0.9755859375 0.505859375 0.9814453125 0.5087890625 0.984375 0.51171875 0.9833984375 0.515625 0.9716796875 0.515625 0.9462890625 0.5107421875 0.939453125 0.50390625 0.9482421875
1 0.5048828125 0.763671875 0.498046875 0.7666015625 0.498046875 0.7841796875 0.501953125 0.7939453125 0.50390625 0.8291015625 0.5078125 0.8369140625 0.51171875 0.8369140625 0.515625 0.8232421875 0.515625 0.7978515625 0.509765625 0.7724609375 0.5048828125 0.763671875
1 0.5185546875 0.662109375 0.515625 0.6689453125 0.515625 0.7001953125 0.5185546875 0.70703125 0.5234375 0.7060546875 0.52734375 0.6962890625 0.52734375 0.6689453125 0.5224609375 0.662109375 0.5185546875 0.662109375
1 0.505859375 0.6767578125 0.5029296875 0.673828125 0.5 0.6767578125 0.498046875 0.6865234375 0.498046875 0.7255859375 0.5009765625 0.732421875 0.505859375 0.7314453125 0.509765625 0.7177734375 0.509765625 0.7041015625 0.5078125 0.7021484375 0.505859375 0.6767578125
1 0.5712890625 0.720703125 0.568359375 0.7314453125 0.568359375 0.7646484375 0.5703125 0.7724609375 0.57421875 0.7724609375 0.578125 0.7587890625 0.578125 0.7431640625 0.57421875 0.7236328125 0.5712890625 0.720703125
1 0.6015625 0.8330078125 0.60546875 0.8408203125 0.609375 0.8408203125 0.609375 0.8115234375 0.6064453125 0.802734375 0.603515625 0.8056640625 0.6015625 0.8330078125
1 0.580078125 0.8818359375 0.578125 0.8720703125 0.5751953125 0.869140625 0.572265625 0.8701171875 0.5703125 0.8779296875 0.5703125 0.9306640625 0.57421875 0.9326171875 0.576171875 0.9306640625 0.578125 0.9013671875 0.580078125 0.8994140625 0.580078125 0.8818359375
1 0.5546875 0.9287109375 0.5546875 0.9638671875 0.5576171875 0.966796875 0.560546875 0.9658203125 0.5625 0.9619140625 0.5625 0.9306640625 0.5576171875 0.92578125 0.5546875 0.9287109375
1 0.6103515625 0.541015625 0.60546875 0.5458984375 0.6015625 0.5576171875 0.6015625 0.5751953125 0.60546875 0.5888671875 0.6103515625 0.59375 0.61328125 0.5927734375 0.615234375 0.5693359375 0.61328125 0.5673828125 0.61328125 0.5439453125 0.6103515625 0.541015625
1 0.6015625 0.4501953125 0.599609375 0.4716796875 0.6015625 0.4794921875 0.60546875 0.4833984375 0.609375 0.4775390625 0.609375 0.4521484375 0.6044921875 0.447265625 0.6015625 0.4501953125
1 0.521484375 0.4814453125 0.521484375 0.5029296875 0.5244140625 0.5078125 0.529296875 0.5068359375 0.53515625 0.4951171875 0.53515625 0.4853515625 0.5283203125 0.470703125 0.521484375 0.4814453125
1 0.5087890625 0.423828125 0.50390625 0.4306640625 0.501953125 0.4482421875 0.505859375 0.4638671875 0.5087890625 0.466796875 0.513671875 0.4658203125 0.515625 0.4619140625 0.515625 0.4326171875 0.513671875 0.4267578125 0.5087890625 0.423828125
1 0.5908203125 0.259765625 0.587890625 0.2626953125 0.5859375 0.2724609375 0.5859375 0.3037109375 0.587890625 0.3095703125 0.5908203125 0.3125 0.59375 0.3115234375 0.59765625 0.2978515625 0.59765625 0.2685546875 0.595703125 0.2626953125 0.5908203125 0.259765625
1 0.59765625 0.2998046875 0.595703125 0.3056640625 0.595703125 0.3408203125 0.5986328125 0.345703125 0.6015625 0.3447265625 0.60546875 0.3369140625 0.60546875 0.2998046875 0.6025390625 0.296875 0.59765625 0.2998046875
1 0.552734375 0.3310546875 0.5478515625 0.328125 0.54296875 0.3369140625 0.54296875 0.3681640625 0.544921875 0.3759765625 0.5478515625 0.37890625 0.55078125 0.3779296875 0.556640625 0.3642578125 0.556640625 0.3427734375 0.552734375 0.3369140625 0.552734375 0.3310546875
1 0.5322265625 0.36328125 0.525390625 0.3759765625 0.525390625 0.3974609375 0.529296875 0.4091796875 0.5322265625 0.412109375 0.53515625 0.4111328125 0.5390625 0.4072265625 0.5390625 0.3720703125 0.537109375 0.3662109375 0.5322265625 0.36328125
1 0.5703125 0.3896484375 0.5703125 0.4248046875 0.576171875 0.4248046875 0.580078125 0.4208984375 0.580078125 0.3935546875 0.5732421875 0.38671875 0.5703125 0.3896484375
1 0.5263671875 0.294921875 0.521484375 0.3056640625 0.521484375 0.3291015625 0.5263671875 0.337890625 0.53125 0.3369140625 0.533203125 0.3349609375 0.533203125 0.2998046875 0.5302734375 0.294921875 0.5263671875 0.294921875
1 0.517578125 0.2490234375 0.5205078125 0.25390625 0.525390625 0.2529296875 0.52734375 0.2236328125 0.5205078125 0.220703125 0.517578125 0.2255859375 0.517578125 0.2490234375
1 0.5146484375 0.13671875 0.509765625 0.1455078125 0.5078125 0.1708984375 0.51171875 0.1845703125 0.5146484375 0.1875 0.517578125 0.1865234375 0.521484375 0.1787109375 0.521484375 0.1455078125 0.51953125 0.1396484375 0.5146484375 0.13671875
1 0.6025390625 0.171875 0.599609375 0.1767578125 0.599609375 0.2177734375 0.60546875 0.2216796875 0.611328125 0.2119140625 0.61328125 0.1806640625 0.6103515625 0.173828125 0.6025390625 0.171875
1 0.548828125 0.1396484375 0.546875 0.1337890625 0.5419921875 0.130859375 0.537109375 0.1416015625 0.537109375 0.1611328125 0.54296875 0.1787109375 0.541015625 0.2197265625 0.5439453125 0.224609375 0.546875 0.2236328125 0.55078125 0.2177734375 0.552734375 0.2060546875 0.55078125 0.2041015625 0.548828125 0.1396484375
1 0.55859375 0.1767578125 0.564453125 0.1767578125 0.564453125 0.1865234375 0.5673828125 0.19140625 0.572265625 0.1806640625 0.572265625 0.1572265625 0.5693359375 0.150390625 0.56640625 0.1533203125 0.5625 0.1708984375 0.556640625 0.1748046875 0.5546875 0.1923828125 0.556640625 0.1943359375 0.556640625 0.2060546875 0.55859375 0.2060546875 0.5625 0.1943359375 0.5625 0.1884765625 0.55859375 0.1845703125 0.55859375 0.1767578125
1 0.564453125 0.0244140625 0.5595703125 0.0078125 0.552734375 0.0146484375 0.55078125 0.0341796875 0.548828125 0.0361328125 0.548828125 0.0478515625 0.55078125 0.0498046875 0.548828125 0.0849609375 0.552734375 0.1025390625 0.5556640625 0.10546875 0.55859375 0.1044921875 0.5625 0.0966796875 0.5625 0.0458984375 0.564453125 0.0439453125 0.564453125 0.0244140625
1 0.5927734375 0.103515625 0.5859375 0.1181640625 0.5859375 0.1494140625 0.5888671875 0.15234375 0.591796875 0.1513671875 0.59765625 0.1455078125 0.59765625 0.1162109375 0.595703125 0.1064453125 0.5927734375 0.103515625
1 0.607421875 0.1572265625 0.6103515625 0.162109375 0.61328125 0.1611328125 0.61328125 0.1259765625 0.6103515625 0.125 0.607421875 0.1318359375 0.607421875 0.1572265625
1 0.505859375 0.0537109375 0.505859375 0.0673828125 0.5078125 0.0732421875 0.509765625 0.0732421875 0.51171875 0.0712890625 0.51171875 0.0517578125 0.5087890625 0.048828125 0.505859375 0.0537109375