1 0 0.3582506640625 0.024457014062499997 0.3582506640625 0.0527853984375 0.3582506640625 0.066116478125 0.34157427500000004 0.111108646875 0.3715917625 0.147768921875 0.3515800828125 0.16110000156249998 0.338238984375 0.15943364843750002 0.3299007890625 0.15276810937500002 0.31489207656249996 0.1427698625 0.30655388125 0.10444310625 0.29654800937500003 0.0977775671875 0.29654800937500003 0.084446615625 0.2982156875 0.0561181046875 0.29654800937500003 0.03945431875 0.29654800937500003 0.0094595828125 0.29988329999999996 0.00612675 0.29988329999999996 0 0.31989498125 0 0.3582506640625
1 0.176097434375 0.5466938546875 0.1644327078125 0.513341075 0.15276810937500002 0.48332358593749997 0.1311051375 0.46497958281249996 0.11610783281249999 0.46497958281249996 0.10277675312500001 0.4683148109375 0.0777810765625 0.47832068281250006 0.0544517515625 0.49166178125000004 0.0494526921875 0.510005784375 0.0527853984375 0.5566997265625 0.0944448609375 0.565037921875 0.12610607812500002 0.5566997265625 0.176097434375 0.5466938546875
1 0.3810619140625 0.46164429218749997 0.37772920781249997 0.44830319375 0.35939906875 0.43829732187500003 0.33107055937499996 0.43829732187500003 0.27941285 0.44830319375 0.23608703437499998 0.45830900156250004 0.2233332953125 0.46500000156250004 0.3210723125 0.5250145609375 0.37939556093750004 0.4866588765625 0.3810619140625 0.46164429218749997
1 0.37106366875 0.44496790312499995 0.29274392968749996 0.4366297078125 0.22108960312499998 0.4566413890625 0.21942325000000001 0.4716501015625 0.21942325000000001 0.4799882953125 0.2444189265625 0.494997071875 0.25941635937499996 0.510005784375 0.27608014375 0.5250145609375 0.27774649687499997 0.526682175 0.2844120375 0.5300174656250001 0.29940946875 0.5283498515625 0.3527335296875 0.516676365625 0.38272839375 0.48332358593749997 0.37106366875 0.44496790312499995
1 0.4877101640625 0.34490956562499997 0.5377015187499999 0.3365713703125 0.5543653046875 0.3115567859375 0.5676963828125 0.27653632968749997 0.5243705671875001 0.2615276171875 0.4877101640625 0.266530521875 0.456048946875 0.268198134375 0.43105326875000005 0.268198134375 0.4027248859375 0.273201103125 0.3670832953125 0.2900000015625 0.3760628546875 0.338238984375 0.4177223171875 0.3549153734375 0.45438259375 0.3615859546875 0.4877101640625 0.34490956562499997
1 0.5227040875 0.513341075 0.5343688125 0.513341075 0.574361921875 0.49833236249999996 0.581027334375 0.49332939531250003 0.6143549046875 0.4749853921875 0.65601436875 0.4516384203125 0.6410170625 0.43829732187500003 0.6143549046875 0.42995912656249996 0.5776946281249999 0.42495622343750006 0.5243705671875001 0.4282915140625 0.49104299687499997 0.4366297078125 0.47749996250000004 0.4587500015625 0.4743792125 0.47832068281250006 0.4877101640625 0.49833236249999996 0.5227040875 0.513341075
1 0.881558934375 0.41394983124999996 0.896556340625 0.4079463078125 0.9135533703125001 0.3919369890625 0.9345496484375 0.36992414687499997 0.9345496484375 0.367922971875 0.911553746875 0.3409072140625 0.8905573171875 0.335904296875 0.8655616390624999 0.3319019859375 0.8455650968749999 0.334903728125 0.8105711484375 0.34390899375 0.797573365625 0.3739264953125 0.7927499765625 0.4002500015625 0.8115710375 0.41695157343749994 0.8685611515625 0.41394983124999996 0.881558934375 0.41394983124999996
1 0.907554346875 0.46297839375 0.8985559640625 0.44496789999999997 0.8905573171875 0.438964415625 0.8785594218749999 0.434962065625 0.8655616390624999 0.436963240625 0.8455650968749999 0.43996498281249996 0.8285679140625 0.438964415625 0.816570171875 0.45497373437500005 0.8139999765624999 0.48775000156250004 0.8895574281249999 0.48299006093749997 0.9055547234375 0.4749854015625 0.907554346875 0.46297839375
1 0.9303762859375 0.29500581875 0.921377828125 0.32802506249999996 0.9403745578124999 0.339031503125 0.9613709109374999 0.353039646875 0.997364671875 0.36304548125 1 0.34603555625000004 0.9983645593749999 0.3110151375 0.9983645593749999 0.2429754765625 0.97536850625 0.23897316562499998 0.9263769625 0.236971990625 0.889383390625 0.237972559375 0.8689999765625 0.2427500015625 0.8763856078125001 0.2579842265625 0.91137955625 0.26098596875 0.9343756093750001 0.2669894921875 0.9303762859375 0.29500581875
1 0.9966637437499999 0.397606075 0.9558956703125 0.411205728125 0.9579055859375 0.4111487828125 0.96577886875 0.44582294375 0.97813281875 0.4643678875 0.9966637437499999 0.44829561250000005 0.9966637437499999 0.397606075
1 0.254191303125 0.4408776078125 0.26778067499999997 0.4322232921875 0.26778067499999997 0.4210963546875 0.26036827812499996 0.4149147078125 0.2393666 0.4149147078125 0.21962941093750002 0.42659389062499997 0.23318962499999998 0.4445865875 0.2418373515625 0.4433503703125 0.254191303125 0.4408776078125
1 0.27319483437500003 0.2981684390625 0.2760514671875 0.28458908125 0.279622278125 0.27958618749999997 0.2746231375 0.26743624062500004 0.2617682234375 0.263148009375 0.24534249687499998 0.263148009375 0.234999984375 0.2698214296875 0.235344215625 0.28816259375 0.253198271875 0.300312540625 0.2667673640625 0.30174195 0.27319483437500003 0.2981684390625
1 0.3360411046875 0.29530961875 0.3510385 0.292450825 0.35318100937499997 0.292450825 0.37103506406250003 0.280300878125 0.3774625359375 0.2745832640625 0.3960307421875 0.2652921390625 0.41102813749999995 0.2610039078125 0.413170646875 0.2581451140625 0.413170646875 0.250998090625 0.3126785546875 0.25285714375 0.3146162375 0.26815093125 0.3189012 0.27958618749999997 0.3288994828125 0.29030672343749997 0.3360411046875 0.29530961875
1 0.2667673640625 0.3896503421875 0.2667673640625 0.396797365625 0.2746231375 0.408232621875 0.2824789390625 0.41466492656250004 0.2960480046875 0.413235515625 0.3153303890625 0.408232621875 0.31318790937499996 0.3903650609375 0.30676043750000004 0.38250331875 0.2967621828125 0.380359215625 0.2667673640625 0.3896503421875