1 0.4875 0.2234375 0.053125 0.08828125
1 0.5265625 0.37265625 0.0625 0.09140625
1 0.4421875 0.60625 0.053125 0.08203125
1 0.6109375 0.521875 0.059375 0.084375
1 0.61796875 0.19609375 0.0546875 0.034375
1 0.50859375 0.8109375 0.0765625 0.13359375
1 0.4765625 0.90390625 0.0625 0.0703125
1 0.6359375 0.846875 0.059375 0.071875
1 0.59921875 0.92890625 0.0484375 0.09296875
1 0.6234375 0.6265625 0.0625 0.06953125
1 0.65703125 0.671875 0.0328125 0.05859375
1 0.6328125 0.71015625 0.040625 0.0421875
1 0.6921875 0.69609375 0.028125 0.06328125
1 0.46953125 0.14609375 0.0578125 0.05078125
1 0.6328125 0.309375 0.0625 0.05625
1 0.70234375 0.34609375 0.0328125 0.0578125
1 0.72890625 0.36328125 0.0140625 0.1359375
1 0.67890625 0.13125 0.0296875 0.04453125
1 0.5296875 0.01640625 0.040625 0.0328125
1 0.646875 0.0640625 0.0375 0.0625
1 0.70859375 0.0609375 0.0328125 0.0375
1 0.74375 0.02421875 0.0125 0.0203125
1 0.67109375 0.49375 0.0484375 0.07265625
1 0.6828125 0.55234375 0.040625 0.0609375
1 0.34921875 0.978125 0.0359375 0.03671875