1 0.41484375 0.5703125 0.2296875 0.1109375
1 0.49296875 0.70390625 0.134375 0.059375
1 0.39453125 0.72421875 0.115625 0.0484375
1 0.709375 0.73125 0.159375 0.0484375
1 0.2984375 0.19453125 0.21875 0.1
1 0.3984375 0.04296875 0.203125 0.0703125
1 0.6109375 0.06484375 0.1625 0.1296875
1 0.95 0.428125 0.1 0.09375
1 0.80703125 0.459375 0.08125 0.0515625
1 0.840625 0.58359375 0.065625 0.040625
1 0.14296875 0.35 0.1 0.09375
1 0.19609375 0.43671875 0.04375 0.0375
1 0.8484375 0.6390625 0.0890625 0.0703125
1 0.96796875 0.80078125 0.0640625 0.0859375