1 0.45625 0.48984375 0.059375 0.1046875
1 0.95078125 0.690625 0.084375 0.1296875
1 0.8703125 0.7765625 0.0421875 0.0703125
1 0.86171875 0.85 0.0453125 0.0625
1 0.14296875 0.2203125 0.0421875 0.0703125
1 0.615625 0.49140625 0.0703125 0.115625
1 0.61328125 0.4140625 0.03125 0.053125
1 0.4578125 0.25703125 0.034375 0.065625
1 0.8390625 0.1 0.034375 0.0453125
1 0.50703125 0.7359375 0.028125 0.059375
1 0.3703125 0.43359375 0.034375 0.084375
1 0.46328125 0.4234375 0.025 0.05
1 0.7671875 0.28125 0.03125 0.053125
1 0.68515625 0.11171875 0.028125 0.0625
1 0.59609375 0.06484375 0.03125 0.0453125
1 0.61328125 0.0296875 0.025 0.0375
1 0.4296875 0.12421875 0.028125 0.0453125
1 0.25 0.52109375 0.03125 0.0703125
1 0.075 0.18515625 0.0375 0.0765625
1 0.0140625 0.40390625 0.028125 0.065625
1 0.1 0.365625 0.025 0.053125
1 0.08046875 0.071875 0.028125 0.059375
1 0.3796875 0.03515625 0.0375 0.0703125
1 0.41953125 0.0125 0.028125 0.025
1 0.984375 0.56640625 0.025 0.034375
1 0.75859375 0.0890625 0.028125 0.0453125
1 0.72578125 0.28359375 0.025 0.0421875
1 0.7328125 0.3109375 0.025 0.028125
1 0.6171875 0.14140625 0.0171875 0.0453125
1 0.87265625 0.16953125 0.0171875 0.025
1 0.72734375 0.21875 0.021875 0.0375
1 0.80625 0.87265625 0.025 0.053125
1 0.55078125 0.028125 0.025 0.0421875
1 0.6 0.8078125 0.0375 0.0765625
1 0.69765625 0.76015625 0.0375 0.059375
1 0.659375 0.69609375 0.025 0.034375
1 0.603125 0.68359375 0.03125 0.0453125
1 0.7359375 0.51953125 0.03125 0.0453125
1 0.77265625 0.6890625 0.028125 0.0421875
1 0.06328125 0.56484375 0.034375 0.0734375
1 0.30234375 0.0125 0.059375 0.025
1 0.6890625 0.28984375 0.028125 0.034375
1 0.6890625 0.3671875 0.021875 0.0421875
1 0.03828125 0.3234375 0.034375 0.08125
1 0.559375 0.61015625 0.034375 0.0734375
1 0.11875 0.10703125 0.034375 0.053125
1 0.4140625 0.37734375 0.03125 0.05
1 0.603125 0.20078125 0.025 0.0453125
1 0.75 0.16640625 0.03125 0.059375
1 0.075 0.65703125 0.03125 0.0765625