1 0.97578125 0.80546875 0.0484375 0.05625
1 0.99375 0.16640625 0.0125 0.178125
1 0.925 0.0890625 0.13125 0.178125
1 0.8015625 0.21640625 0.0484375 0.165625
1 0.7515625 0.21640625 0.046875 0.14375
1 0.671875 0.8390625 0.0640625 0.14375
1 0.5078125 0.85546875 0.0828125 0.134375
1 0.34296875 0.8890625 0.0578125 0.15625
1 0.7015625 0.06640625 0.0484375 0.0890625
1 0.78046875 0.028125 0.109375 0.05625
1 0.35859375 0.178125 0.1625 0.15625
1 0.55 0.271875 0.0515625 0.1
1 0.61875 0.271875 0.04375 0.14375
1 0.6359375 0.18359375 0.0578125 0.1
1 0.14765625 0.75546875 0.0640625 0.134375
1 0.2359375 0.85546875 0.046875 0.0890625
1 0.796875 0.9390625 0.0390625 0.078125
1 0.1953125 0.15546875 0.165625 0.178125
1 0.8859375 0.7109375 0.0703125 0.0890625
1 0.54296875 0.0890625 0.0375 0.0890625