1 0.8 0.01640625 0.053125 0.03125
1 0.5125 0.12578125 0.053125 0.0359375
1 0.36171875 0.5125 0.1046875 0.1046875
1 0.41171875 0.40859375 0.046875 0.040625
1 0.321875 0.41328125 0.053125 0.05
1 0.53203125 0.415625 0.0578125 0.053125
1 0.62734375 0.56484375 0.075 0.071875
1 0.6671875 0.58125 0.040625 0.03125
1 0.72109375 0.56796875 0.046875 0.0359375
1 0.1046875 0.42109375 0.065625 0.0578125
1 0.8109375 0.25390625 0.0828125 0.090625
1 0.24296875 0.55390625 0.046875 0.04375
1 0.00546875 0.728125 0.0109375 0.053125
1 0.16328125 0.65625 0.0828125 0.1046875
1 0.3328125 0.64375 0.053125 0.071875
1 0.51796875 0.665625 0.065625 0.078125
1 0.41015625 0.74296875 0.0578125 0.053125
1 0.55390625 0.334375 0.04375 0.0359375
1 0.609375 0.32734375 0.040625 0.0359375
1 0.4546875 0.31796875 0.046875 0.046875
1 0.478125 0.24453125 0.04375 0.04375
1 0.3328125 0.228125 0.053125 0.040625
1 0.4046875 0.1765625 0.053125 0.028125
1 0.38671875 0.12578125 0.053125 0.04375
1 0.27890625 0.203125 0.053125 0.046875
1 0.19453125 0.08984375 0.065625 0.04375
1 0.76640625 0.06484375 0.04375 0.0359375
1 0.73203125 0.203125 0.040625 0.040625
1 0.2609375 0.021875 0.040625 0.0359375
1 0.25703125 0.09921875 0.046875 0.053125
1 0.33671875 0.1671875 0.03125 0.03125
1 0.6453125 0.15859375 0.03125 0.0359375
1 0.89375 0.20703125 0.040625 0.046875
1 0.78203125 0.37578125 0.040625 0.040625
1 0.9171875 0.28046875 0.05 0.0578125
1 0.91875 0.1078125 0.0828125 0.1
1 0.13515625 0.85234375 0.184375 0.1296875
1 0.4890625 0.80390625 0.04375 0.040625
1 0.521875 0.771875 0.0359375 0.03125
1 0.6078125 0.740625 0.028125 0.028125
1 0.54140625 0.9171875 0.040625 0.0359375
1 0.7484375 0.69453125 0.04375 0.04375
1 0.546875 0.9875 0.04375 0.025
1 0.215625 0.0453125 0.0578125 0.053125
1 0.165625 0.4984375 0.0359375 0.03125
1 0.19453125 0.47109375 0.0359375 0.028125
1 0.821875 0.07734375 0.046875 0.053125
1 0.859375 0.08984375 0.028125 0.028125
1 0.39375 0.85625 0.03125 0.028125
1 0.68359375 0.2015625 0.0578125 0.0875
1 0.2046875 0.3203125 0.1296875 0.159375
1 0.56796875 0.79140625 0.0359375 0.028125
1 0.3703125 0.93203125 0.04375 0.0359375
1 0.428125 0.86875 0.0359375 0.03125
1 0.08203125 0.9796875 0.0640625 0.040625
1 0.009375 0.88515625 0.01875 0.028125
1 0.15078125 0.7625 0.021875 0.021875
1 0.11875 0.74453125 0.021875 0.021875
1 0.06484375 0.7625 0.021875 0.021875
1 0.0484375 0.53984375 0.096875 0.0875
1 0.43515625 0.6921875 0.04375 0.03125
1 0.04296875 0.6328125 0.065625 0.065625
1 0.43515625 0.928125 0.1078125 0.121875
1 0.37734375 0.27734375 0.09375 0.1
1 0.74609375 0.16171875 0.025 0.028125
1 0.62265625 0.08828125 0.0359375 0.03125
1 0.8078125 0.40859375 0.046875 0.075
1 0.534375 0.55234375 0.03125 0.040625
1 0.5609375 0.83828125 0.0578125 0.0578125
1 0.57890625 0.9296875 0.05 0.046875
1 0.11875 0.28046875 0.04375 0.0578125
1 0.14765625 0.29296875 0.028125 0.025
1 0.2375 0.9265625 0.04375 0.03125
1 0.703125 0.51953125 0.06875 0.0828125
1 0.35078125 0.990625 0.053125 0.01875
1 0.8109375 0.53203125 0.0609375 0.115625
1 0.06328125 0.36328125 0.040625 0.028125
1 0.0484375 0.428125 0.03125 0.0578125
1 0.9296875 0.2140625 0.025 0.03125
1 0.63828125 0.321875 0.03125 0.025
1 0.74296875 0.41015625 0.025 0.028125