1 0.47265625 0.4482421875 0.466796875 0.4443359375 0.4677734375 0.435546875 0.4521484375 0.435546875 0.44921875 0.4384765625 0.451171875 0.4423828125 0.4453125 0.4462890625 0.4453125 0.4521484375 0.44140625 0.4560546875 0.443359375 0.4580078125 0.44140625 0.4619140625 0.443359375 0.4873046875 0.4501953125 0.501953125 0.470703125 0.5009765625 0.484375 0.4951171875 0.484375 0.4833984375 0.478515625 0.4580078125 0.47265625 0.4482421875
1 0.4951171875 0.38671875 0.4873046875 0.38671875 0.484375 0.3935546875 0.486328125 0.4169921875 0.4931640625 0.427734375 0.5 0.4267578125 0.5078125 0.4228515625 0.5078125 0.4072265625 0.501953125 0.3935546875 0.4951171875 0.38671875
1 0.4599609375 0.255859375 0.4501953125 0.25390625 0.4453125 0.2568359375 0.443359375 0.2626953125 0.443359375 0.2939453125 0.4541015625 0.298828125 0.46484375 0.2978515625 0.466796875 0.2958984375 0.466796875 0.2783203125 0.462890625 0.2607421875 0.4599609375 0.255859375
1 0.5146484375 0.24609375 0.5068359375 0.24609375 0.5 0.2548828125 0.5 0.2783203125 0.5068359375 0.287109375 0.517578125 0.2861328125 0.5283203125 0.28515625 0.533203125 0.2802734375 0.529296875 0.2529296875 0.5146484375 0.24609375
1 0.556640625 0.2529296875 0.55859375 0.2744140625 0.572265625 0.3017578125 0.5751953125 0.3046875 0.578125 0.3037109375 0.572265625 0.2587890625 0.568359375 0.2470703125 0.5634765625 0.244140625 0.556640625 0.2529296875
1 0.5791015625 0.326171875 0.5693359375 0.328125 0.564453125 0.3369140625 0.564453125 0.3486328125 0.5703125 0.3759765625 0.5791015625 0.38671875 0.59375 0.3896484375 0.59375 0.3740234375 0.587890625 0.3583984375 0.583984375 0.3330078125 0.5791015625 0.326171875
1 0.572265625 0.4970703125 0.568359375 0.4951171875 0.56640625 0.4873046875 0.5634765625 0.484375 0.5576171875 0.484375 0.5498046875 0.48828125 0.544921875 0.4951171875 0.544921875 0.5146484375 0.5498046875 0.5234375 0.56640625 0.5263671875 0.572265625 0.5224609375 0.578125 0.5146484375 0.578125 0.5107421875 0.572265625 0.4970703125
1 0.5908203125 0.5 0.5791015625 0.5 0.576171875 0.5029296875 0.576171875 0.5166015625 0.5869140625 0.53125 0.59375 0.5302734375 0.6015625 0.5224609375 0.599609375 0.5166015625 0.6015625 0.5048828125 0.5908203125 0.5
1 0.619140625 0.5458984375 0.615234375 0.5361328125 0.615234375 0.5283203125 0.611328125 0.5302734375 0.611328125 0.5380859375 0.6083984375 0.541015625 0.603515625 0.5302734375 0.5986328125 0.525390625 0.5927734375 0.525390625 0.587890625 0.5322265625 0.591796875 0.5439453125 0.591796875 0.5537109375 0.5966796875 0.5625 0.60546875 0.5654296875 0.6103515625 0.5625 0.6123046875 0.564453125 0.619140625 0.5634765625 0.619140625 0.5458984375
1 0.5302734375 0.583984375 0.529296875 0.6064453125 0.533203125 0.6220703125 0.5361328125 0.625 0.544921875 0.6240234375 0.548828125 0.6220703125 0.544921875 0.5908203125 0.5400390625 0.583984375 0.5302734375 0.583984375
1 0.5712890625 0.6875 0.568359375 0.6904296875 0.568359375 0.7041015625 0.572265625 0.7158203125 0.5771484375 0.720703125 0.583984375 0.7197265625 0.587890625 0.7177734375 0.5859375 0.6923828125 0.5830078125 0.6875 0.5712890625 0.6875
1 0.634765625 0.7060546875 0.6318359375 0.703125 0.6142578125 0.69921875 0.609375 0.7041015625 0.609375 0.7275390625 0.61328125 0.7451171875 0.6162109375 0.748046875 0.634765625 0.7470703125 0.638671875 0.7451171875 0.638671875 0.7275390625 0.63671875 0.7255859375 0.634765625 0.7060546875
1 0.587890625 0.7255859375 0.587890625 0.7412109375 0.5966796875 0.75 0.609375 0.7490234375 0.609375 0.7353515625 0.60546875 0.7216796875 0.5908203125 0.72265625 0.587890625 0.7255859375
1 0.5380859375 0.759765625 0.5263671875 0.76171875 0.521484375 0.7685546875 0.5234375 0.7705078125 0.51953125 0.7802734375 0.5322265625 0.7890625 0.54296875 0.7880859375 0.546875 0.7802734375 0.544921875 0.7763671875 0.546875 0.7626953125 0.5380859375 0.759765625
1 0.5166015625 0.826171875 0.55078125 0.8193359375 0.55078125 0.8134765625 0.544921875 0.8056640625 0.544921875 0.7880859375 0.5400390625 0.77734375 0.5322265625 0.77734375 0.5283203125 0.7734375 0.5224609375 0.7734375 0.5146484375 0.775390625 0.5107421875 0.78125 0.501953125 0.7822265625 0.501953125 0.7919921875 0.498046875 0.7958984375 0.498046875 0.8037109375 0.50390625 0.8212890625 0.50390625 0.8291015625 0.5078125 0.8310546875 0.5078125 0.8193359375 0.505859375 0.8173828125 0.5087890625 0.814453125 0.5166015625 0.826171875
1 0.5595703125 0.81640625 0.556640625 0.8193359375 0.55859375 0.8466796875 0.5654296875 0.859375 0.572265625 0.8583984375 0.576171875 0.8544921875 0.57421875 0.8271484375 0.5673828125 0.81640625 0.5595703125 0.81640625
1 0.6142578125 0.841796875 0.611328125 0.8447265625 0.611328125 0.8564453125 0.6171875 0.8837890625 0.6201171875 0.88671875 0.630859375 0.8857421875 0.634765625 0.8818359375 0.630859375 0.8505859375 0.6240234375 0.841796875 0.6142578125 0.841796875
1 0.533203125 0.8486328125 0.5283203125 0.84765625 0.5185546875 0.833984375 0.5087890625 0.833984375 0.505859375 0.8369140625 0.505859375 0.8623046875 0.5107421875 0.869140625 0.5234375 0.8701171875 0.533203125 0.8642578125 0.533203125 0.8564453125 0.52734375 0.8525390625 0.533203125 0.8486328125
1 0.5859375 0.9150390625 0.5751953125 0.908203125 0.5693359375 0.91015625 0.564453125 0.9169921875 0.564453125 0.9365234375 0.5732421875 0.943359375 0.580078125 0.9423828125 0.5859375 0.9384765625 0.58984375 0.9306640625 0.58984375 0.9248046875 0.5859375 0.9150390625
1 0.6123046875 0.955078125 0.607421875 0.9599609375 0.609375 0.9697265625 0.615234375 0.9833984375 0.6201171875 0.986328125 0.623046875 0.9853515625 0.62890625 0.9814453125 0.626953125 0.9619140625 0.6220703125 0.955078125 0.6123046875 0.955078125
1 0.669921875 0.9013671875 0.673828125 0.8955078125 0.66796875 0.8642578125 0.6611328125 0.8515625 0.658203125 0.8525390625 0.65625 0.8603515625 0.65625 0.8759765625 0.6416015625 0.8828125 0.63671875 0.8935546875 0.650390625 0.9189453125 0.646484375 0.9267578125 0.6494140625 0.9296875 0.65625 0.9287109375 0.6640625 0.9208984375 0.662109375 0.9169921875 0.669921875 0.9072265625 0.669921875 0.9013671875
1 0.541015625 0.1865234375 0.54296875 0.1787109375 0.541015625 0.1728515625 0.546875 0.1689453125 0.546875 0.1611328125 0.5546875 0.1552734375 0.552734375 0.1357421875 0.5478515625 0.1328125 0.546875 0.1376953125 0.5439453125 0.138671875 0.5400390625 0.1328125 0.5322265625 0.1328125 0.529296875 0.1357421875 0.53125 0.1435546875 0.5263671875 0.14453125 0.5234375 0.1337890625 0.5146484375 0.12890625 0.5029296875 0.1328125 0.4912109375 0.12890625 0.4873046875 0.1328125 0.4833984375 0.1328125 0.4765625 0.1630859375 0.48046875 0.1787109375 0.490234375 0.1923828125 0.4951171875 0.1953125 0.51953125 0.1943359375 0.5263671875 0.1875 0.5341796875 0.185546875 0.5380859375 0.189453125 0.541015625 0.1865234375
1 0.4755859375 0 0.474609375 0.0283203125 0.4765625 0.0302734375 0.478515625 0.0615234375 0.48046875 0.0634765625 0.4765625 0.0830078125 0.501953125 0.0830078125 0.5166015625 0.080078125 0.5234375 0.0732421875 0.517578125 0.0673828125 0.517578125 0.0517578125 0.515625 0.0498046875 0.517578125 0.0458984375 0.515625 0.0322265625 0.5234375 0.0302734375 0.521484375 0.0224609375 0.515625 0.0166015625 0.5224609375 0.015625 0.5234375 0.0126953125 0.5205078125 0.009765625 0.5185546875 0.013671875 0.5087890625 0.01171875 0.5078125 0.0048828125 0.5107421875 0 0.4755859375 0
1 0.5576171875 0.1875 0.5498046875 0.189453125 0.5439453125 0.185546875 0.541015625 0.1884765625 0.541015625 0.2216796875 0.546875 0.2294921875 0.544921875 0.2314453125 0.5478515625 0.234375 0.5576171875 0.234375 0.5634765625 0.240234375 0.56640625 0.2392578125 0.56640625 0.2294921875 0.560546875 0.2041015625 0.560546875 0.1904296875 0.5576171875 0.1875