1 0.928125 0.97421875 0.1375 0.0515625
1 0.6328125 0.8765625 0.1125 0.0421875
1 0.3734375 0.8546875 0.125 0.065625
1 0.41484375 0.7984375 0.1171875 0.05
1 0.79921875 0.7125 0.1125 0.059375
1 0.803125 0.65859375 0.0984375 0.046875
1 0.778125 0.59765625 0.1328125 0.0515625
1 0.340625 0.45546875 0.06875 0.059375
1 0.24609375 0.496875 0.075 0.0328125
1 0.89765625 0.65 0.090625 0.0453125
1 0.5640625 0.5265625 0.075 0.071875
1 0.7578125 0.46953125 0.1125 0.059375
1 0.96796875 0.58203125 0.0640625 0.03125
1 0.784375 0.403125 0.128125 0.0421875
1 0.85 0.4390625 0.0796875 0.0375
1 0.78203125 0.31015625 0.1328125 0.05625
1 0.61953125 0.33125 0.15625 0.065625
1 0.4640625 0.3578125 0.1171875 0.046875
1 0.89765625 0.25 0.128125 0.0625
1 0.73515625 0.18671875 0.084375 0.059375
1 0.778125 0.103125 0.103125 0.040625
1 0.615625 0.16171875 0.1328125 0.146875
1 0.428125 0.15859375 0.1375 0.0859375
1 0.1953125 0.3125 0.0875 0.1
1 0.20234375 0.15703125 0.1328125 0.0625
1 0.67265625 0.03046875 0.071875 0.0421875
1 0.13828125 0.1109375 0.103125 0.05
1 0.36796875 0.01171875 0.1140625 0.0234375
1 0.27265625 0.7171875 0.084375 0.103125