1 0.94296875 0.92578125 0.0734375 0.1484375
1 0.8984375 0.409375 0.0375 0.18125
1 0.9703125 0.1703125 0.059375 0.2765625
1 0.6859375 0.1328125 0.1125 0.18125
1 0.83203125 0.94140625 0.05625 0.096875
1 0.75859375 0.82421875 0.0671875 0.18125
1 0.81484375 0.32421875 0.028125 0.24375
1 0.5640625 0.3671875 0.04375 0.2234375
1 0.621875 0.909375 0.0265625 0.1375
1 0.43125 0.234375 0.0953125 0.128125
1 0.4765625 0.85078125 0.028125 0.15
1 0.2796875 0.93046875 0.04375 0.1375
1 0.2796875 0.12265625 0.1 0.1375
1 0.25703125 0.34609375 0.10625 0.265625
1 0.05546875 0.29765625 0.0453125 0.340625
1 0.00703125 0.8140625 0.0140625 0.24375
1 0.10625 0.64375 0.028125 0.203125
1 0.175 0.8296875 0.0390625 0.15
1 0.54609375 0.64921875 0.034375 0.1703125
1 0.56640625 0.94140625 0.04375 0.1171875
1 0.38515625 0.67578125 0.05 0.159375
1 0.35078125 0.8828125 0.046875 0.234375