1 0.1376953125 0.1328125 0.1455078125 0.1328125 0.146484375 0.1279296875 0.138671875 0.1181640625 0.140625 0.1123046875 0.1376953125 0.109375 0.1279296875 0.109375 0.1259765625 0.107421875 0.0947265625 0.109375 0.091796875 0.1123046875 0.09375 0.1201171875 0.1064453125 0.1328125 0.115234375 0.1337890625 0.1181640625 0.130859375 0.1240234375 0.1328125 0.1337890625 0.12890625 0.1376953125 0.1328125
1 0.216796875 0.2099609375 0.216796875 0.2158203125 0.2314453125 0.2265625 0.2373046875 0.234375 0.2626953125 0.25390625 0.271484375 0.2548828125 0.2548828125 0.236328125 0.2275390625 0.212890625 0.2216796875 0.208984375 0.216796875 0.2099609375
1 0.30078125 0.2978515625 0.30078125 0.3037109375 0.3076171875 0.3125 0.3173828125 0.318359375 0.32421875 0.3173828125 0.326171875 0.3095703125 0.3173828125 0.30078125 0.3056640625 0.294921875 0.30078125 0.2978515625
1 0.4658203125 0.32421875 0.4619140625 0.322265625 0.455078125 0.3291015625 0.455078125 0.3369140625 0.4716796875 0.353515625 0.4833984375 0.361328125 0.4970703125 0.375 0.509765625 0.3759765625 0.5166015625 0.373046875 0.5263671875 0.375 0.52734375 0.3720703125 0.4658203125 0.32421875
1 0.48046875 0.4697265625 0.4912109375 0.48046875 0.5029296875 0.490234375 0.5078125 0.4912109375 0.4951171875 0.470703125 0.4794921875 0.458984375 0.474609375 0.4599609375 0.48046875 0.4697265625
1 0.6044921875 0.5078125 0.58984375 0.5126953125 0.5859375 0.5224609375 0.6025390625 0.541015625 0.6162109375 0.546875 0.6328125 0.5458984375 0.6328125 0.5400390625 0.623046875 0.5205078125 0.6123046875 0.509765625 0.6044921875 0.5078125
1 0.7041015625 0.513671875 0.7041015625 0.509765625 0.6982421875 0.509765625 0.6943359375 0.505859375 0.685546875 0.5068359375 0.7001953125 0.5234375 0.7236328125 0.54296875 0.7294921875 0.546875 0.736328125 0.5458984375 0.736328125 0.5341796875 0.7177734375 0.517578125 0.7119140625 0.513671875 0.7041015625 0.513671875
1 0.724609375 0.6611328125 0.7265625 0.6669921875 0.7392578125 0.6796875 0.7607421875 0.693359375 0.767578125 0.6923828125 0.765625 0.6865234375 0.7470703125 0.669921875 0.7294921875 0.66015625 0.724609375 0.6611328125
1 0.8525390625 0.740234375 0.845703125 0.7451171875 0.845703125 0.7490234375 0.8505859375 0.755859375 0.861328125 0.7548828125 0.865234375 0.7509765625 0.865234375 0.7470703125 0.8583984375 0.7421875 0.8525390625 0.740234375
1 0.88671875 0.8056640625 0.8955078125 0.814453125 0.9072265625 0.822265625 0.91015625 0.8212890625 0.91015625 0.8173828125 0.8994140625 0.806640625 0.8955078125 0.8046875 0.88671875 0.8056640625
1 0.81640625 0.7294921875 0.81640625 0.7412109375 0.814453125 0.7431640625 0.8193359375 0.74609375 0.826171875 0.7451171875 0.83203125 0.7412109375 0.83203125 0.7294921875 0.8232421875 0.724609375 0.81640625 0.7294921875
1 0.7275390625 0.640625 0.720703125 0.6455078125 0.724609375 0.6552734375 0.7294921875 0.66015625 0.740234375 0.6591796875 0.7421875 0.6552734375 0.740234375 0.6494140625 0.7333984375 0.640625 0.7275390625 0.640625