1 0.1103515625 0.509765625 0.0869140625 0.51171875 0.08203125 0.5224609375 0.0908203125 0.52734375 0.095703125 0.5263671875 0.1162109375 0.5234375 0.119140625 0.5205078125 0.1171875 0.5126953125 0.1103515625 0.509765625
1 0.0576171875 0.54296875 0.0478515625 0.541015625 0.033203125 0.5478515625 0.033203125 0.5576171875 0.0361328125 0.5625 0.0400390625 0.564453125 0.0625 0.5634765625 0.076171875 0.5556640625 0.0751953125 0.546875 0.0615234375 0.541015625 0.0576171875 0.54296875
1 0.1474609375 0.533203125 0.1298828125 0.533203125 0.1142578125 0.541015625 0.109375 0.5458984375 0.111328125 0.5537109375 0.1201171875 0.55859375 0.1259765625 0.560546875 0.1484375 0.5595703125 0.1552734375 0.556640625 0.162109375 0.5478515625 0.16015625 0.5419921875 0.1474609375 0.533203125
1 0.3115234375 0.55859375 0.2998046875 0.5546875 0.2763671875 0.5546875 0.2685546875 0.55859375 0.259765625 0.5673828125 0.259765625 0.5791015625 0.2646484375 0.583984375 0.2734375 0.5830078125 0.3017578125 0.580078125 0.3134765625 0.572265625 0.318359375 0.5654296875 0.3115234375 0.55859375
1 0.4443359375 0.55078125 0.4306640625 0.546875 0.4091796875 0.548828125 0.3896484375 0.55859375 0.380859375 0.5673828125 0.3818359375 0.58203125 0.3994140625 0.58984375 0.423828125 0.5908203125 0.4345703125 0.58984375 0.44921875 0.5712890625 0.451171875 0.5576171875 0.4443359375 0.55078125
1 0.5693359375 0.53515625 0.5537109375 0.53515625 0.5517578125 0.537109375 0.5322265625 0.537109375 0.517578125 0.5419921875 0.515625 0.5556640625 0.5185546875 0.55859375 0.5224609375 0.560546875 0.54296875 0.5595703125 0.5732421875 0.552734375 0.578125 0.5458984375 0.57421875 0.5380859375 0.5693359375 0.53515625
1 0.7080078125 0.56640625 0.6962890625 0.564453125 0.685546875 0.5693359375 0.68359375 0.5771484375 0.6865234375 0.583984375 0.6943359375 0.587890625 0.705078125 0.5869140625 0.7119140625 0.583984375 0.71484375 0.5791015625 0.712890625 0.5712890625 0.7080078125 0.56640625
1 0.6572265625 0.498046875 0.5732421875 0.498046875 0.5634765625 0.49609375 0.5498046875 0.5 0.5048828125 0.501953125 0.49609375 0.5068359375 0.4990234375 0.51171875 0.5166015625 0.513671875 0.5244140625 0.51953125 0.5478515625 0.521484375 0.5498046875 0.5234375 0.5654296875 0.5234375 0.5830078125 0.517578125 0.6103515625 0.517578125 0.6123046875 0.51953125 0.6298828125 0.51953125 0.6396484375 0.5234375 0.6484375 0.5224609375 0.6728515625 0.521484375 0.6796875 0.5146484375 0.6669921875 0.501953125 0.6572265625 0.498046875
1 0.7548828125 0.576171875 0.7626953125 0.5703125 0.7685546875 0.5703125 0.7763671875 0.56640625 0.78515625 0.5576171875 0.78515625 0.5478515625 0.7783203125 0.544921875 0.7587890625 0.546875 0.7529296875 0.55078125 0.7451171875 0.55078125 0.7275390625 0.556640625 0.7177734375 0.5625 0.6923828125 0.564453125 0.685546875 0.5693359375 0.68359375 0.5810546875 0.6884765625 0.5859375 0.6923828125 0.587890625 0.70703125 0.5869140625 0.7197265625 0.580078125 0.7412109375 0.580078125 0.7490234375 0.576171875 0.7548828125 0.576171875
1 0.8330078125 0.53515625 0.82421875 0.5439453125 0.8271484375 0.548828125 0.841796875 0.5498046875 0.8564453125 0.548828125 0.857421875 0.5439453125 0.8466796875 0.53515625 0.8330078125 0.53515625
1 0.9208984375 0.541015625 0.91796875 0.5458984375 0.9248046875 0.556640625 0.95703125 0.5556640625 0.966796875 0.5439453125 0.9619140625 0.537109375 0.9384765625 0.537109375 0.9208984375 0.541015625
1 0.3037109375 0.486328125 0.2841796875 0.484375 0.2734375 0.4912109375 0.271484375 0.4951171875 0.2763671875 0.50390625 0.2841796875 0.5078125 0.294921875 0.5068359375 0.3017578125 0.505859375 0.30859375 0.4970703125 0.30859375 0.4931640625 0.3037109375 0.486328125