1 0.29375 0.64296875 0.1390625 0.0640625
1 0.33828125 0.71484375 0.1015625 0.06015625
1 0.18046875 0.5359375 0.2359375 0.0796875
1 0.471875 0.69375 0.1421875 0.0875
1 0.43984375 0.4609375 0.16640625 0.13984375
1 0.725 0.38125 0.13671875 0.10859375
1 0.6875 0.49609375 0.14609375 0.1125
1 0.88203125 0.4328125 0.196875 0.11484375
1 0.80078125 0.6375 0.29453125 0.0875
1 0.17421875 0.61953125 0.08828125 0.0640625
1 0.159375 0.715625 0.18125 0.0625
1 0.05546875 0.65078125 0.05078125 0.040625
1 0.74765625 0.57890625 0.0703125 0.05625
1 0.0640625 0.40625 0.0546875 0.04296875
1 0.40546875 0.39609375 0.07421875 0.06015625
1 0.51953125 0.3625 0.08359375 0.0328125
1 0.96640625 0.58671875 0.06484375 0.09140625
1 0.56875 0.66796875 0.05234375 0.06796875
1 0.5421875 0.55703125 0.05625 0.040625