1 0.03203125 0.078125 0.05078125 0.134375
1 0.128125 0.36953125 0.0421875 0.11171875
1 0.15 0.625 0.0640625 0.1234375
1 0.20546875 0.58359375 0.05 0.115625
1 0.290625 0.20546875 0.0578125 0.11171875
1 0.34375 0.2015625 0.04609375 0.096875
1 0.4046875 0.22578125 0.05078125 0.13046875
1 0.54453125 0.65703125 0.05859375 0.0671875
1 0.50390625 0.75 0.0328125 0.075
1 0.35234375 0.10859375 0.04453125 0.08984375
1 0.47421875 0.43671875 0.07109375 0.075
1 0.53046875 0.24609375 0.0578125 0.11171875
1 0.41875 0.03515625 0.03125 0.0703125
1 0.59609375 0.2203125 0.0421875 0.1265625
1 0.5609375 0.1546875 0.03671875 0.078125
1 0.68828125 0.221875 0.0546875 0.13046875
1 0.66796875 0.3828125 0.0640625 0.153125
1 0.64140625 0.53515625 0.04609375 0.115625
1 0.74765625 0.10859375 0.06171875 0.1265625
1 0.81015625 0.26875 0.0578125 0.08203125
1 0.89296875 0.22578125 0.040625 0.10078125
1 0.83515625 0.3859375 0.14453125 0.13046875
1 0.83828125 0.57109375 0.08515625 0.134375
1 0.6859375 0.8 0.0984375 0.0859375
1 0.8390625 0.79296875 0.06171875 0.13046875
1 0.96484375 0.33046875 0.0421875 0.07109375
1 0.88515625 0.85625 0.0484375 0.10078125
1 0.9859375 0.63046875 0.0265625 0.11171875
1 0.2859375 0.72421875 0.10234375 0.08203125