1 0.55078125 0.44375 0.1875 0.1875
1 0.7140625 0.65546875 0.1671875 0.125
1 0.8515625 0.61171875 0.103125 0.1109375
1 0.2484375 0.2984375 0.140625 0.1515625
1 0.3 0.46640625 0.171875 0.1125
1 0.09921875 0.38515625 0.1984375 0.1421875
1 0.9703125 0.3421875 0.059375 0.071875
1 0.86015625 0.75625 0.2015625 0.0859375
1 0.5375 0.73828125 0.1640625 0.1171875
1 0.234375 0.553125 0.103125 0.09375
1 0.4734375 0.271875 0.090625 0.059375
1 0.10234375 0.61015625 0.1875 0.109375
1 0.26015625 0.67421875 0.1390625 0.090625
1 0.01796875 0.61015625 0.034375 0.209375
1 0.415625 0.69765625 0.05 0.0984375
1 0.83203125 0.50390625 0.23125 0.090625
1 0.59765625 0.31953125 0.0875 0.1015625