1 0.04765625 0.5890625 0.01875 0.034375
1 0.07421875 0.66328125 0.015625 0.03125
1 0.06640625 0.7140625 0.015625 0.03125
1 0.10234375 0.75 0.0109375 0.021875
1 0.275 0.5703125 0.025 0.0375
1 0.10859375 0.1390625 0.040625 0.0265625
1 0.23046875 0.17734375 0.040625 0.0265625
1 0.16875 0.1421875 0.015625 0.01875
1 0.16796875 0.25859375 0.021875 0.034375
1 0.20703125 0.38984375 0.009375 0.03125
1 0.2734375 0.18984375 0.028125 0.021875
1 0.2953125 0.27265625 0.034375 0.025
1 0.3390625 0.1859375 0.01875 0.01875
1 0.31875 0.2078125 0.025 0.015625
1 0.353125 0.21640625 0.028125 0.0171875
1 0.20625 0.21953125 0.021875 0.01875
1 0.37109375 0.225 0.015625 0.01875
1 0.28203125 0.17265625 0.015625 0.021875
1 0.3421875 0.2984375 0.025 0.03125
1 0.2703125 0.01015625 0.0125 0.0203125
1 0.2875 0.134375 0.009375 0.021875
1 0.1359375 0.225 0.0109375 0.025
1 0.0265625 0.50859375 0.025 0.0359375
1 0.26953125 0.0359375 0.015625 0.028125
1 0.2921875 0.07578125 0.0109375 0.0171875
1 0.42734375 0.24609375 0.028125 0.01875
1 0.49140625 0.41328125 0.021875 0.015625
1 0.4796875 0.38671875 0.01875 0.01875
1 0.41171875 0.0359375 0.025 0.025
1 0.471875 0.2546875 0.025 0.021875
1 0.51640625 0.259375 0.034375 0.0359375
1 0.58515625 0.2828125 0.025 0.034375
1 0.62578125 0.29375 0.025 0.0265625
1 0.659375 0.2765625 0.025 0.0265625
1 0.45234375 0.06640625 0.0375 0.0265625
1 0.34375 0.7171875 0.025 0.028125
1 0.5625 0.4671875 0.0578125 0.046875
1 0.615625 0.26953125 0.025 0.03125
1 0.515625 0.12578125 0.03125 0.028125
1 0.478125 0.5546875 0.028125 0.040625