1 0.41640625 0.1703125 0.096875 0.1390625
1 0.784375 0.27265625 0.1390625 0.178125
1 0.63515625 0.6125 0.096875 0.15
1 0.74453125 0.0765625 0.115625 0.13125
1 0.6125 0.01875 0.121875 0.0375
1 0.85390625 0.10625 0.125 0.1421875
1 0.9078125 0.21171875 0.1 0.125
1 0.9390625 0.8109375 0.121875 0.2671875
1 0.5 0.52578125 0.06875 0.09375
1 0.42890625 0.47734375 0.065625 0.0875
1 0.1890625 0.24296875 0.065625 0.13125
1 0.346875 0.73125 0.084375 0.128125
1 0.184375 0.453125 0.084375 0.178125
1 0.753125 0.68203125 0.034375 0.03125
1 0.6109375 0.40625 0.034375 0.0484375
1 0.4046875 0.26875 0.0375 0.0453125
1 0.3875 0.4078125 0.03125 0.0453125
1 0.39375 0.07109375 0.03125 0.0375
1 0.35234375 0.1265625 0.03125 0.0375