1 0.1953125 0.7434895828125 0.1962890625 0.7473958328125 0.201171875 0.74609375 0.2119140625 0.7369791671875 0.21484375 0.73046875 0.2080078125 0.7291666671875 0.1953125 0.7434895828125
1 0.2744140625 0.7708333328125 0.265625 0.7825520828125 0.2724609375 0.7890625 0.27734375 0.7877604171875 0.2822265625 0.7864583328125 0.287109375 0.7799479171875 0.2841796875 0.7708333328125 0.2744140625 0.7708333328125
1 0.216796875 0.7799479171875 0.2197265625 0.7838541671875 0.224609375 0.7825520828125 0.23046875 0.7747395828125 0.2275390625 0.765625 0.2236328125 0.765625 0.216796875 0.7799479171875
1 0.423828125 0.55078125 0.423828125 0.5611979171875 0.4267578125 0.5651041671875 0.435546875 0.5638020828125 0.443359375 0.5559895828125 0.4482421875 0.5416666671875 0.4365234375 0.5364583328125 0.423828125 0.55078125
1 0.4228515625 0.4921875 0.4248046875 0.4869791671875 0.4326171875 0.4817708328125 0.4423828125 0.484375 0.4482421875 0.4765625 0.4501953125 0.4791666671875 0.453125 0.4752604171875 0.4541015625 0.4635416671875 0.46875 0.45703125 0.46875 0.4440104171875 0.4765625 0.43359375 0.4658203125 0.4348958328125 0.4482421875 0.4505208328125 0.4345703125 0.4557291671875 0.3994140625 0.484375 0.3916015625 0.4869791671875 0.3857421875 0.4947916671875 0.376953125 0.4986979171875 0.39453125 0.5013020828125 0.4052734375 0.5 0.4091796875 0.4921875 0.4111328125 0.4947916671875 0.4228515625 0.4921875
1 0.5869140625 0.3932291671875 0.580078125 0.40234375 0.5830078125 0.4088541671875 0.591796875 0.41015625 0.6015625 0.3997395828125 0.6005859375 0.3880208328125 0.5947265625 0.3880208328125 0.5869140625 0.3932291671875
1 0.6826171875 0.4166666671875 0.673828125 0.42578125 0.6748046875 0.4322916671875 0.68359375 0.43359375 0.6904296875 0.4296875 0.6953125 0.4205729171875 0.6904296875 0.4166666671875 0.6826171875 0.4166666671875
1 0.6181640625 0.4192708328125 0.626953125 0.41796875 0.630859375 0.41015625 0.6279296875 0.40625 0.6171875 0.41015625 0.6181640625 0.4192708328125
1 0.59375 0.4830729171875 0.59375 0.4908854171875 0.5966796875 0.4947916671875 0.60546875 0.4934895828125 0.609375 0.48828125 0.6064453125 0.4817708328125 0.6005859375 0.4791666671875 0.59375 0.4830729171875
1 0.5791015625 0.4921875 0.583984375 0.4908854171875 0.5859375 0.4856770828125 0.5830078125 0.4817708328125 0.576171875 0.4856770828125 0.5791015625 0.4921875
1 0.4951171875 0.5234375 0.501953125 0.5221354171875 0.50390625 0.5169270828125 0.5009765625 0.5130208328125 0.494140625 0.5169270828125 0.4951171875 0.5234375
1 0.6171875 0.4674479171875 0.615234375 0.4752604171875 0.6181640625 0.4791666671875 0.6279296875 0.484375 0.6328125 0.4830729171875 0.634765625 0.4700520828125 0.6298828125 0.4635416671875 0.6220703125 0.4635416671875 0.6171875 0.4674479171875
1 0.70703125 0.3684895828125 0.70703125 0.3736979171875 0.71875 0.3736979171875 0.72265625 0.3658854171875 0.720703125 0.3580729171875 0.7138671875 0.3541666671875 0.70703125 0.3684895828125
1 0.775390625 0.2591145828125 0.7763671875 0.2630208328125 0.783203125 0.2643229171875 0.7890625 0.2565104171875 0.7861328125 0.24479166718749998 0.7802734375 0.24479166718749998 0.775390625 0.2591145828125
1 0.732421875 0.2955729171875 0.732421875 0.3033854171875 0.73828125 0.3033854171875 0.744140625 0.2981770828125 0.7412109375 0.2890625 0.7373046875 0.2890625 0.732421875 0.2955729171875
1 0.7666015625 0.3072916671875 0.765625 0.32421875 0.7763671875 0.3333333328125 0.779296875 0.33203125 0.783203125 0.3268229171875 0.78125 0.30859375 0.7783203125 0.3046875 0.7666015625 0.3072916671875
1 0.748046875 0.3372395828125 0.748046875 0.3294270828125 0.7431640625 0.328125 0.7421875 0.3372395828125 0.748046875 0.3372395828125
1 0.31640625 0.7174479171875 0.3193359375 0.7213541671875 0.32421875 0.7200520828125 0.330078125 0.71484375 0.3291015625 0.7083333328125 0.3232421875 0.7083333328125 0.31640625 0.7174479171875
1 0.296875 0.7174479171875 0.30078125 0.7174479171875 0.306640625 0.7096354171875 0.3037109375 0.703125 0.294921875 0.7096354171875 0.296875 0.7174479171875
1 0.376953125 0.6731770828125 0.380859375 0.66796875 0.3740234375 0.6588541671875 0.369140625 0.6731770828125 0.376953125 0.6731770828125
1 0.2998046875 0.7447916671875 0.306640625 0.7434895828125 0.3095703125 0.7369791671875 0.3017578125 0.7369791671875 0.298828125 0.7408854171875 0.2998046875 0.7447916671875
1 0.224609375 0.81640625 0.228515625 0.8190104171874999 0.23046875 0.81640625 0.2294921875 0.8072916671874999 0.224609375 0.8111979171874999 0.224609375 0.81640625
1 0.1923828125 0.8151041671874999 0.1953125 0.8138020828125001 0.19921875 0.8111979171874999 0.1982421875 0.8072916671874999 0.19140625 0.8111979171874999 0.1923828125 0.8151041671874999
1 0.1953125 0.7434895828125 0.1962890625 0.7473958328125 0.201171875 0.74609375 0.212890625 0.7356770828125 0.2119140625 0.7291666671875 0.2080078125 0.7291666671875 0.1953125 0.7434895828125
1 0.2041015625 0.7630208328125 0.197265625 0.76953125 0.1982421875 0.7760416671875 0.20703125 0.7747395828125 0.2119140625 0.7734375 0.212890625 0.76953125 0.2099609375 0.7708333328125 0.2041015625 0.7630208328125
1 0.1396484375 0.8802083328125001 0.1357421875 0.875 0.126953125 0.8841145828125001 0.12890625 0.8971354171874999 0.134765625 0.8971354171874999 0.138671875 0.88671875 0.142578125 0.8841145828125001 0.142578125 0.87890625 0.1396484375 0.8802083328125001
1 0.1240234375 0.9348958328125001 0.138671875 0.9361979171874999 0.140625 0.9283854171874999 0.1318359375 0.921875 0.12109375 0.9309895828125001 0.1240234375 0.9348958328125001
1 0.0927734375 0.8072916671874999 0.0849609375 0.8072916671874999 0.076171875 0.81640625 0.0771484375 0.8229166671874999 0.083984375 0.82421875 0.08984375 0.8216145828125001 0.08984375 0.8138020828125001 0.09375 0.8111979171874999 0.0927734375 0.8072916671874999
1 0.42578125 0.58984375 0.42578125 0.5950520828125 0.431640625 0.59765625 0.4375 0.5924479171875 0.4375 0.5872395828125 0.4326171875 0.5807291671875 0.42578125 0.58984375
2 0.798828125 0.3059895828125 0.80078125 0.2981770828125 0.8818359375 0.1927083328125 0.9130859375 0.1640625 0.9755859375 0.09375 0.9990234375 0.09375 1 0.06119791718749999 0.9755859375 0.05989583281250001 0.9697265625 0.06770833281250001 0.9658203125 0.06770833281250001 0.9501953125 0.08072916718749999 0.8818359375 0.15625 0.8271484375 0.1927083328125 0.8232421875 0.1979166671875 0.8115234375 0.203125 0.8076171875 0.20833333281250002 0.7470703125 0.234375 0.6533203125 0.2942708328125 0.6298828125 0.3151041671875 0.5751953125 0.3541666671875 0.5576171875 0.3723958328125 0.53125 0.3919270828125 0.5322265625 0.3958333328125 0.5439453125 0.3958333328125 0.548828125 0.3919270828125 0.5478515625 0.3880208328125 0.5576171875 0.3854166671875 0.5595703125 0.390625 0.5615234375 0.3828125 0.5693359375 0.3880208328125 0.5732421875 0.3854166671875 0.58203125 0.3971354171875 0.5830078125 0.40625 0.5927734375 0.4088541671875 0.6015625 0.3971354171875 0.603515625 0.38671875 0.6015625 0.3841145828125 0.6044921875 0.3776041671875 0.6083984375 0.3776041671875 0.6123046875 0.3828125 0.6142578125 0.3802083328125 0.6201171875 0.3828125 0.6259765625 0.375 0.6318359375 0.3776041671875 0.6376953125 0.3723958328125 0.6455078125 0.3802083328125 0.6611328125 0.3776041671875 0.6650390625 0.3828125 0.6708984375 0.375 0.6748046875 0.3802083328125 0.6865234375 0.3776041671875 0.6884765625 0.3854166671875 0.7021484375 0.3828125 0.7041015625 0.3880208328125 0.7080078125 0.3880208328125 0.708984375 0.3971354171875 0.69921875 0.4075520828125 0.7001953125 0.4114583328125 0.70703125 0.41015625 0.7236328125 0.3932291671875 0.7294921875 0.390625 0.7841796875 0.328125 0.798828125 0.3059895828125