1 0.5203125 0.478125 0.0625 0.109375
1 0.025 0.2703125 0.05 0.134375
1 0.090625 0.18125 0.04375 0.071875
1 0.1 0.1046875 0.046875 0.065625
1 0.84453125 0.75703125 0.04375 0.0734375
1 0.3546875 0.4765625 0.071875 0.11875
1 0.35703125 0.55625 0.0328125 0.0546875
1 0.51796875 0.71953125 0.0359375 0.06875
1 0.1234375 0.88203125 0.0359375 0.046875
1 0.4671875 0.22265625 0.028125 0.0625
1 0.60859375 0.5359375 0.0359375 0.0875
1 0.5125 0.546875 0.025 0.05
1 0.19765625 0.69375 0.0328125 0.0546875
1 0.2828125 0.86953125 0.028125 0.065625
1 0.375 0.91875 0.0328125 0.046875
1 0.35703125 0.9546875 0.025 0.040625
1 0.546875 0.85703125 0.028125 0.046875
1 0.73359375 0.4453125 0.0328125 0.071875
1 0.91484375 0.79375 0.040625 0.0796875
1 0.978125 0.5671875 0.028125 0.06875
1 0.88984375 0.60703125 0.025 0.0546875
1 0.909375 0.9109375 0.028125 0.0625
1 0.6 0.95625 0.040625 0.0875
1 0.5578125 0.9796875 0.028125 0.040625
1 0.20625 0.89296875 0.028125 0.046875
1 0.240625 0.6921875 0.025 0.04375
1 0.23359375 0.66328125 0.025 0.028125
1 0.353125 0.8390625 0.01875 0.046875
1 0.0890625 0.81015625 0.01875 0.025
1 0.2390625 0.759375 0.021875 0.040625
1 0.1578125 0.08125 0.025 0.0546875
1 0.421875 0.95625 0.025 0.04375
1 0.37109375 0.1484375 0.040625 0.0796875
1 0.2703125 0.19765625 0.040625 0.0625
1 0.31015625 0.26484375 0.025 0.0359375
1 0.36796875 0.27734375 0.0328125 0.046875
1 0.2296875 0.44765625 0.0328125 0.046875
1 0.1921875 0.271875 0.028125 0.04375
1 0.92734375 0.4 0.0359375 0.075
1 0.6796875 0.9796875 0.0625 0.040625
1 0.27890625 0.68515625 0.028125 0.0359375
1 0.27890625 0.6046875 0.021875 0.04375
1 0.953125 0.65 0.0359375 0.084375
1 0.41328125 0.353125 0.0359375 0.075
1 0.86953125 0.875 0.0359375 0.0546875
1 0.56328125 0.59453125 0.0328125 0.05
1 0.36796875 0.77734375 0.025 0.046875
1 0.215625 0.81328125 0.0328125 0.0609375
1 0.91484375 0.3046875 0.0328125 0.0796875