1 0.4140625 0.1220703125 0.4140625 0.1142578125 0.4091796875 0.111328125 0.408203125 0.1513671875 0.41015625 0.1533203125 0.41015625 0.1669921875 0.4150390625 0.171875 0.41796875 0.1708984375 0.419921875 0.1650390625 0.41796875 0.1591796875 0.41796875 0.1318359375 0.4140625 0.1220703125
1 0.458984375 0.1318359375 0.45703125 0.1298828125 0.45703125 0.1103515625 0.455078125 0.1083984375 0.455078125 0.0986328125 0.4501953125 0.095703125 0.447265625 0.0986328125 0.447265625 0.1181640625 0.451171875 0.1318359375 0.451171875 0.1630859375 0.453125 0.1650390625 0.453125 0.1748046875 0.458984375 0.1806640625 0.4609375 0.1767578125 0.4609375 0.1513671875 0.458984375 0.1494140625 0.458984375 0.1318359375
1 0.3896484375 0.056640625 0.388671875 0.0771484375 0.390625 0.0849609375 0.3955078125 0.091796875 0.3984375 0.0908203125 0.404296875 0.0849609375 0.40234375 0.0634765625 0.3994140625 0.056640625 0.3896484375 0.056640625
1 0.4609375 0.0595703125 0.4638671875 0.064453125 0.466796875 0.0634765625 0.46484375 0.0322265625 0.4599609375 0.03125 0.458984375 0.0498046875 0.4609375 0.0595703125
1 0.47265625 0.2099609375 0.4658203125 0.205078125 0.4609375 0.2119140625 0.4609375 0.2314453125 0.46484375 0.2412109375 0.47265625 0.2470703125 0.474609375 0.2451171875 0.474609375 0.2216796875 0.47265625 0.2197265625 0.47265625 0.2099609375
1 0.443359375 0.2744140625 0.4384765625 0.2734375 0.435546875 0.2763671875 0.4375 0.3232421875 0.44140625 0.3349609375 0.4462890625 0.337890625 0.451171875 0.3369140625 0.453125 0.3251953125 0.451171875 0.3232421875 0.44921875 0.2861328125 0.443359375 0.2744140625
1 0.4306640625 0.345703125 0.42578125 0.3505859375 0.427734375 0.3798828125 0.4296875 0.3818359375 0.431640625 0.4052734375 0.4375 0.4130859375 0.44140625 0.4111328125 0.439453125 0.3662109375 0.435546875 0.3505859375 0.4306640625 0.345703125
1 0.427734375 0.2490234375 0.423828125 0.2333984375 0.4150390625 0.232421875 0.40625 0.2431640625 0.40625 0.2490234375 0.41015625 0.2509765625 0.408203125 0.2548828125 0.41015625 0.2607421875 0.408203125 0.2626953125 0.4130859375 0.267578125 0.4189453125 0.267578125 0.421875 0.2705078125 0.427734375 0.2666015625 0.427734375 0.2529296875 0.42578125 0.2509765625 0.427734375 0.2490234375
1 0.505859375 0.2451171875 0.5009765625 0.2421875 0.494140625 0.2470703125 0.4921875 0.2724609375 0.5009765625 0.28125 0.5078125 0.2822265625 0.509765625 0.2783203125 0.5078125 0.2744140625 0.5078125 0.2548828125 0.505859375 0.2451171875
1 0.5078125 0.4033203125 0.5078125 0.3935546875 0.5029296875 0.390625 0.498046875 0.4013671875 0.5 0.4111328125 0.49609375 0.4189453125 0.49609375 0.4267578125 0.501953125 0.4365234375 0.5078125 0.4404296875 0.51171875 0.4287109375 0.509765625 0.4248046875 0.509765625 0.4052734375 0.5078125 0.4033203125
1 0.4892578125 0.427734375 0.486328125 0.4326171875 0.486328125 0.4521484375 0.48828125 0.4541015625 0.490234375 0.4794921875 0.4931640625 0.484375 0.49609375 0.4833984375 0.498046875 0.4814453125 0.49609375 0.4345703125 0.494140625 0.4287109375 0.4892578125 0.427734375
1 0.4462890625 0.517578125 0.443359375 0.5205078125 0.443359375 0.5556640625 0.447265625 0.5712890625 0.4501953125 0.57421875 0.453125 0.5732421875 0.455078125 0.5693359375 0.453125 0.5283203125 0.451171875 0.5205078125 0.4462890625 0.517578125
1 0.51171875 0.5478515625 0.5078125 0.5400390625 0.5048828125 0.5390625 0.501953125 0.5439453125 0.501953125 0.5771484375 0.50390625 0.5830078125 0.5068359375 0.5859375 0.509765625 0.5849609375 0.51171875 0.5830078125 0.513671875 0.5615234375 0.51171875 0.5595703125 0.51171875 0.5478515625
1 0.509765625 0.4599609375 0.5078125 0.4794921875 0.513671875 0.4990234375 0.521484375 0.4990234375 0.52734375 0.4951171875 0.525390625 0.4638671875 0.5146484375 0.455078125 0.509765625 0.4599609375
1 0.5244140625 0.5859375 0.521484375 0.5888671875 0.51953125 0.5986328125 0.521484375 0.6123046875 0.515625 0.6279296875 0.517578125 0.6513671875 0.5224609375 0.66015625 0.5283203125 0.654296875 0.5341796875 0.66015625 0.5390625 0.6591796875 0.537109375 0.5908203125 0.5341796875 0.5859375 0.5283203125 0.58984375 0.5244140625 0.5859375
1 0.5 0.7568359375 0.5 0.7314453125 0.498046875 0.7294921875 0.49609375 0.7099609375 0.4912109375 0.701171875 0.48828125 0.7041015625 0.486328125 0.7138671875 0.486328125 0.7275390625 0.482421875 0.7255859375 0.482421875 0.7333984375 0.48828125 0.7373046875 0.484375 0.7431640625 0.486328125 0.7529296875 0.482421875 0.7568359375 0.484375 0.7646484375 0.48828125 0.7666015625 0.4921875 0.7763671875 0.490234375 0.7841796875 0.4951171875 0.791015625 0.501953125 0.7900390625 0.50390625 0.7822265625 0.501953125 0.7802734375 0.501953125 0.7587890625 0.5 0.7568359375
1 0.490234375 0.8369140625 0.4921875 0.8388671875 0.4921875 0.8505859375 0.49609375 0.8642578125 0.501953125 0.8642578125 0.498046875 0.8154296875 0.49609375 0.8076171875 0.4912109375 0.806640625 0.490234375 0.8369140625
1 0.53515625 0.8681640625 0.537109375 0.8876953125 0.5400390625 0.892578125 0.544921875 0.8916015625 0.548828125 0.8759765625 0.54296875 0.8603515625 0.5400390625 0.859375 0.53515625 0.8681640625
1 0.541015625 0.7685546875 0.5341796875 0.765625 0.533203125 0.7880859375 0.53125 0.7900390625 0.533203125 0.7919921875 0.533203125 0.8095703125 0.53515625 0.8173828125 0.541015625 0.8173828125 0.54296875 0.8134765625 0.54296875 0.7822265625 0.541015625 0.7802734375 0.541015625 0.7685546875
1 0.52734375 0.7626953125 0.525390625 0.7392578125 0.5185546875 0.736328125 0.5126953125 0.736328125 0.50390625 0.7431640625 0.505859375 0.7763671875 0.5087890625 0.779296875 0.51171875 0.7783203125 0.5224609375 0.77734375 0.525390625 0.7744140625 0.525390625 0.7646484375 0.52734375 0.7626953125