1 0.68203125 0.82578125 0.1046875 0.0890625
1 0.55859375 0.8109375 0.09375 0.1109375
1 0.3828125 0.86875 0.184375 0.1375
1 0.484375 0.6515625 0.190625 0.075
1 0.56171875 0.471875 0.159375 0.10625
1 0.83984375 0.571875 0.0875 0.0703125
1 0.92578125 0.7203125 0.0984375 0.0703125
1 0.8859375 0.23359375 0.1421875 0.096875
1 0.725 0.31875 0.1046875 0.0515625
1 0.58359375 0.26328125 0.09375 0.0515625
1 0.31484375 0.459375 0.1234375 0.103125
1 0.1359375 0.4484375 0.1109375 0.08125
1 0.09609375 0.64921875 0.1921875 0.0734375
1 0.20703125 0.78515625 0.1171875 0.08125
1 0.021875 0.79609375 0.04375 0.0375
1 0.6453125 0.0796875 0.1171875 0.0703125
1 0.8484375 0.059375 0.09375 0.0375
1 0.3453125 0.15 0.159375 0.10625
1 0.1296875 0.16484375 0.184375 0.121875
1 0.19765625 0.33359375 0.1234375 0.08125
1 0.484375 0.14609375 0.1171875 0.078125
1 0.84296875 0.4703125 0.08125 0.0515625
1 0.975 0.09296875 0.05 0.0515625