1 0.0328125 0.81484375 0.065625 0.04375
1 0.02890625 0.65234375 0.05625 0.065625
1 0.08828125 0.73359375 0.09375 0.065625
1 0.01640625 0.54609375 0.0328125 0.059375
1 0.04921875 0.396875 0.0984375 0.0875
1 0.26875 0.43984375 0.128125 0.109375
1 0.3609375 0.64921875 0.08125 0.0921875
1 0.4734375 0.70625 0.06875 0.04375
1 0.48359375 0.8453125 0.0984375 0.0703125
1 0.4671875 0.540625 0.115625 0.059375
1 0.428125 0.603125 0.053125 0.04375
1 0.24375 0.27734375 0.128125 0.04375
1 0.55546875 0.35078125 0.11875 0.08125
1 0.625 0.70078125 0.078125 0.04375
1 0.7234375 0.60859375 0.103125 0.065625
1 0.70078125 0.47265625 0.065625 0.0546875
1 0.809375 0.71171875 0.1109375 0.065625
1 0.8625 0.46171875 0.09375 0.0875