1 0.4234375 0.5640625 0.178125 0.178125
1 0.625 0.71875 0.11875 0.159375
1 0.58359375 0.85 0.10625 0.096875
1 0.28515625 0.27578125 0.14375 0.134375
1 0.4453125 0.325 0.10625 0.1640625
1 0.36875 0.121875 0.1359375 0.2109375
1 0.32734375 0.9640625 0.06875 0.0609375
1 0.72109375 0.85859375 0.08125 0.1921875
1 0.703125 0.55078125 0.1109375 0.15625
1 0.528125 0.26328125 0.0890625 0.096875
1 0.26015625 0.490625 0.05625 0.0875
1 0.58125 0.1375 0.1046875 0.178125
1 0.64296875 0.2875 0.0875 0.13125
1 0.58203125 0.03671875 0.1984375 0.0734375
1 0.66484375 0.43515625 0.09375 0.046875
1 0.48046875 0.83125 0.0875 0.21875
1 0.30546875 0.60859375 0.096875 0.0828125