1 0.52734375 0.01640625 0.0296875 0.0328125
1 0.46484375 0.1515625 0.0296875 0.04296875
1 0.51484375 0.38359375 0.0703125 0.1
1 0.471875 0.3234375 0.0296875 0.03984375
1 0.53203125 0.21171875 0.0296875 0.05
1 0.48359375 0.2234375 0.053125 0.1
1 0.61796875 0.19296875 0.03671875 0.046875
1 0.5953125 0.103125 0.0296875 0.046875
1 0.68203125 0.13203125 0.04296875 0.0703125
1 0.58203125 0.0484375 0.0234375 0.0234375
1 0.6015625 0.053125 0.0234375 0.0265625
1 0.65703125 0.06484375 0.03359375 0.05
1 0.703125 0.06015625 0.03359375 0.053125
1 0.73828125 0.0203125 0.0296875 0.03359375
1 0.73984375 0.18828125 0.0265625 0.0296875
1 0.6703125 0.25703125 0.03359375 0.03359375
1 0.56796875 0.175 0.0234375 0.03671875
1 0.675 0.2046875 0.0234375 0.0296875
1 0.65859375 0.34140625 0.0234375 0.0296875
1 0.6296875 0.31171875 0.03359375 0.06328125
1 0.521875 0.48984375 0.0296875 0.03359375
1 0.578125 0.51171875 0.0234375 0.03671875
1 0.58515625 0.36328125 0.0234375 0.03359375
1 0.5515625 0.3453125 0.0234375 0.03671875
1 0.6 0.303125 0.0203125 0.03359375
1 0.66796875 0.4015625 0.0296875 0.0296875
1 0.603125 0.4203125 0.0203125 0.0265625
1 0.70859375 0.3484375 0.0296875 0.05703125
1 0.7046875 0.4 0.0234375 0.0265625
1 0.61171875 0.53359375 0.04296875 0.09296875
1 0.66484375 0.496875 0.05 0.0796875
1 0.678125 0.5546875 0.04296875 0.0703125
1 0.43984375 0.61015625 0.06640625 0.1
1 0.625 0.8515625 0.04296875 0.0703125
1 0.6296875 0.71171875 0.03984375 0.05
1 0.63515625 0.75 0.0234375 0.0265625
1 0.65703125 0.6765625 0.03359375 0.06015625
1 0.671875 0.71796875 0.0296875 0.05
1 0.69140625 0.68984375 0.04296875 0.06015625
1 0.5703125 0.6546875 0.0265625 0.0296875
1 0.51640625 0.65703125 0.03359375 0.046875
1 0.546875 0.68828125 0.0265625 0.0296875
1 0.5515625 0.7234375 0.0296875 0.0265625
1 0.5484375 0.75 0.0296875 0.03359375
1 0.55 0.78203125 0.03359375 0.0296875
1 0.553125 0.828125 0.03359375 0.05
1 0.58359375 0.8265625 0.03359375 0.0265625
1 0.58203125 0.85 0.0296875 0.0265625
1 0.678125 0.43515625 0.0296875 0.0296875
1 0.5015625 0.453125 0.0234375 0.0265625
1 0.56640625 0.28828125 0.0265625 0.0296875
1 0.43984375 0.06328125 0.0265625 0.03359375
1 0.475 0.8984375 0.05 0.096875
1 0.51015625 0.8015625 0.053125 0.13671875
1 0.55859375 0.91796875 0.03671875 0.05
1 0.34296875 0.84140625 0.0265625 0.03671875
1 0.36484375 0.83828125 0.0234375 0.0296875
1 0.396875 0.74140625 0.0203125 0.0234375
1 0.43671875 0.74296875 0.0203125 0.0203125
1 0.4203125 0.80703125 0.0265625 0.0265625
1 0.36328125 0.66796875 0.03359375 0.0296875
1 0.403125 0.625 0.0265625 0.0296875
1 0.425 0.91015625 0.0234375 0.03359375
1 0.39140625 0.90859375 0.0296875 0.0296875
1 0.546875 0.98828125 0.03984375 0.01640625
1 0.5734375 0.978125 0.0265625 0.03671875
1 0.61015625 0.896875 0.03984375 0.03359375
1 0.6015625 0.93828125 0.05 0.06328125
1 0.371875 0.94296875 0.0234375 0.03359375
1 0.4453125 0.88203125 0.0234375 0.0234375
1 0.521875 0.8984375 0.0234375 0.0234375
1 0.453125 0.8015625 0.03984375 0.0296875
1 0.46328125 0.778125 0.0265625 0.0296875
1 0.35 0.96640625 0.03984375 0.03984375
1 0.353125 0.98671875 0.03984375 0.0203125
1 0.51171875 0.9453125 0.0234375 0.0234375
1 0.51640625 0.96484375 0.046875 0.0296875
1 0.59140625 0.71640625 0.0234375 0.03359375
1 0.61796875 0.63359375 0.06328125 0.0796875
1 0.41171875 0.553125 0.0234375 0.0265625
1 0.43984375 0.546875 0.0265625 0.03359375
1 0.4734375 0.496875 0.0265625 0.03359375
1 0.48359375 0.521875 0.0203125 0.0296875
1 0.496875 0.54296875 0.0265625 0.046875
1 0.51640625 0.53671875 0.0203125 0.03984375
1 0.54140625 0.5453125 0.0234375 0.05703125
1 0.51171875 0.5734375 0.0296875 0.03984375
1 0.51796875 0.61015625 0.0296875 0.053125
1 0.46171875 0.45703125 0.05 0.1
1 0.546875 0.48515625 0.0203125 0.0296875
1 0.63359375 0.38203125 0.0265625 0.0296875
1 0.64140625 0.41796875 0.0234375 0.0234375
1 0.71640625 0.25 0.0265625 0.03359375
1 0.6484375 0.91640625 0.0234375 0.0265625
1 0.65859375 0.8265625 0.0234375 0.03359375
1 0.73203125 0.36328125 0.04296875 0.16640625