1 0.46015625 0.8 0.05625 0.09375
1 0.5015625 0.6421875 0.065625 0.096875
1 0.4125 0.39609375 0.05625 0.0875
1 0.590625 0.48515625 0.0625 0.0890625
1 0.5984375 0.82890625 0.0578125 0.0359375
1 0.4828125 0.1796875 0.08125 0.140625
1 0.44921875 0.08203125 0.065625 0.075
1 0.6171875 0.14140625 0.0625 0.075
1 0.578125 0.0546875 0.05 0.096875
1 0.60390625 0.37421875 0.065625 0.071875
1 0.6390625 0.3265625 0.034375 0.0625
1 0.6140625 0.2859375 0.04375 0.04375
1 0.6765625 0.30078125 0.0296875 0.0671875
1 0.44140625 0.88203125 0.0609375 0.053125
1 0.6140625 0.709375 0.065625 0.059375
1 0.6875 0.6703125 0.034375 0.0609375
1 0.715625 0.65234375 0.015625 0.14375
1 0.6625 0.89765625 0.03125 0.046875
1 0.62890625 0.96796875 0.040625 0.0640625
1 0.69375 0.971875 0.034375 0.040625
1 0.65390625 0.51484375 0.05 0.0765625
1 0.66640625 0.453125 0.04375 0.0640625
1 0.31328125 0.01171875 0.0390625 0.0234375