1 0.91015625 0.06484375 0.1796875 0.06875
1 0.4046875 0.10546875 0.1703125 0.034375
1 0.1796875 0.0328125 0.259375 0.065625
1 0.1453125 0.3015625 0.1703125 0.103125
1 0.9046875 0.16640625 0.090625 0.053125
1 0.7953125 0.234375 0.1703125 0.0625
1 0.325 0.18203125 0.2296875 0.0265625
1 0.36484375 0.41484375 0.209375 0.040625
1 0.875 0.3609375 0.1296875 0.025
1 0.23984375 0.5375 0.1203125 0.0875
1 0.8203125 0.4953125 0.140625 0.0265625
1 0.91484375 0.67734375 0.1703125 0.040625
1 0.13515625 0.67734375 0.1296875 0.0921875
1 0.3453125 0.6984375 0.25 0.0984375
1 0.3 0.88515625 0.3203125 0.0421875
1 0.4203125 0.96015625 0.159375 0.0578125
1 0.78515625 0.9484375 0.2296875 0.0515625
1 0.625 0.8375 0.190625 0.0265625
1 0.8 0.77421875 0.140625 0.0359375
1 0.6296875 0.43125 0.159375 0.0328125
1 0.925 0.4125 0.15 0.040625
1 0.6546875 0.5796875 0.15 0.046875
1 0.8546875 0.61171875 0.2296875 0.04375