1 0.6890625 0.40390625 0.2796875 0.09375
1 0.69765625 0.54375 0.3109375 0.1015625
1 0.746875 0.1484375 0.25625 0.08125
1 0.65 0.909375 0.2875 0.0765625
1 0.4828125 0.76953125 0.259375 0.090625
1 0.353125 0.6640625 0.11875 0.05625
1 0.24453125 0.64296875 0.175 0.0765625
1 0.296875 0.2765625 0.2796875 0.096875
1 0.26953125 0.22734375 0.16875 0.084375
1 0.1203125 0.2078125 0.1640625 0.0875
1 0.54375 0.115625 0.2125 0.0765625
1 0.53515625 0.0609375 0.209375 0.053125
1 0.94375 0.71328125 0.0765625 0.034375
1 0.2484375 0.9390625 0.096875 0.0453125
1 0.23984375 0.7796875 0.0875 0.05
1 0.98984375 0.8859375 0.0203125 0.065625