1 0.5947265625 0.9609375 0.59765625 0.9599609375 0.599609375 0.9521484375 0.5927734375 0.94921875 0.58984375 0.9560546875 0.5947265625 0.9609375
1 0.5966796875 0.8125 0.59375 0.8408203125 0.595703125 0.8427734375 0.595703125 0.8544921875 0.5986328125 0.857421875 0.6015625 0.8564453125 0.603515625 0.8525390625 0.603515625 0.8173828125 0.6005859375 0.8125 0.5966796875 0.8125
1 0.583984375 0.8056640625 0.583984375 0.8154296875 0.5869140625 0.818359375 0.58984375 0.8173828125 0.591796875 0.8095703125 0.58984375 0.8017578125 0.5869140625 0.80078125 0.583984375 0.8056640625
1 0.5234375 0.7255859375 0.52734375 0.7294921875 0.525390625 0.7392578125 0.5283203125 0.7421875 0.53125 0.7412109375 0.533203125 0.7392578125 0.533203125 0.7197265625 0.5283203125 0.71484375 0.5234375 0.7255859375
1 0.5107421875 0.697265625 0.50390625 0.7060546875 0.50390625 0.7373046875 0.5126953125 0.74609375 0.51953125 0.7451171875 0.521484375 0.7412109375 0.51953125 0.7060546875 0.517578125 0.7001953125 0.5107421875 0.697265625
1 0.591796875 0.5478515625 0.59375 0.5537109375 0.5966796875 0.556640625 0.599609375 0.5556640625 0.599609375 0.5283203125 0.5947265625 0.5234375 0.591796875 0.5263671875 0.591796875 0.5478515625
1 0.5673828125 0.638671875 0.564453125 0.6474609375 0.564453125 0.6591796875 0.5703125 0.6630859375 0.57421875 0.6591796875 0.57421875 0.6494140625 0.572265625 0.6416015625 0.5673828125 0.638671875
1 0.5166015625 0.427734375 0.513671875 0.4306640625 0.513671875 0.4501953125 0.515625 0.4521484375 0.513671875 0.4580078125 0.515625 0.4599609375 0.517578125 0.4873046875 0.521484375 0.4873046875 0.521484375 0.4423828125 0.51953125 0.4404296875 0.51953125 0.4306640625 0.5166015625 0.427734375
1 0.5712890625 0.29296875 0.568359375 0.2958984375 0.56640625 0.3115234375 0.5712890625 0.3203125 0.576171875 0.3193359375 0.580078125 0.3115234375 0.580078125 0.3017578125 0.578125 0.2958984375 0.5712890625 0.29296875
1 0.560546875 0.1806640625 0.5556640625 0.1796875 0.556640625 0.2333984375 0.55859375 0.2431640625 0.560546875 0.2431640625 0.5625 0.2412109375 0.5625 0.2060546875 0.560546875 0.2041015625 0.560546875 0.1806640625
1 0.541015625 0.0185546875 0.5390625 0.0166015625 0.5390625 0.0048828125 0.541015625 0.0009765625 0.5322265625 0 0.53125 0.0166015625 0.533203125 0.0185546875 0.533203125 0.0419921875 0.53515625 0.0439453125 0.53515625 0.0712890625 0.537109375 0.0791015625 0.541015625 0.0791015625 0.541015625 0.0400390625 0.5390625 0.0380859375 0.5390625 0.0205078125 0.541015625 0.0185546875