1 0.0673828125 0.58203125 0.0146484375 0.58203125 0 0.5849609375 0.0009765625 0.59765625 0.02734375 0.5986328125 0.0654296875 0.595703125 0.0703125 0.5927734375 0.0703125 0.5849609375 0.0673828125 0.58203125
1 0.2041015625 0.560546875 0.2021484375 0.5625 0.185546875 0.5634765625 0.1865234375 0.576171875 0.1943359375 0.578125 0.208984375 0.5771484375 0.2392578125 0.572265625 0.244140625 0.5654296875 0.2392578125 0.560546875 0.2041015625 0.560546875
1 0.0654296875 0.544921875 0.05859375 0.5498046875 0.060546875 0.5517578125 0.05859375 0.5595703125 0.0654296875 0.564453125 0.0751953125 0.5625 0.0791015625 0.564453125 0.099609375 0.5634765625 0.1015625 0.5615234375 0.1005859375 0.544921875 0.0927734375 0.54296875 0.0654296875 0.544921875
1 0.146484375 0.5302734375 0.146484375 0.5361328125 0.1494140625 0.5390625 0.1630859375 0.5390625 0.1650390625 0.537109375 0.1669921875 0.5390625 0.189453125 0.5380859375 0.2041015625 0.53515625 0.20703125 0.5263671875 0.1689453125 0.525390625 0.146484375 0.5302734375
1 0.2001953125 0.541015625 0.1982421875 0.54296875 0.1943359375 0.541015625 0.1875 0.5498046875 0.1904296875 0.560546875 0.1982421875 0.560546875 0.2001953125 0.556640625 0.203125 0.5576171875 0.2021484375 0.560546875 0.232421875 0.5595703125 0.232421875 0.5517578125 0.2275390625 0.546875 0.2119140625 0.541015625 0.2001953125 0.541015625
1 0.0966796875 0.623046875 0.0947265625 0.625 0.0751953125 0.625 0.0732421875 0.626953125 0.0537109375 0.626953125 0.0517578125 0.62890625 0.0263671875 0.62890625 0.0234375 0.6318359375 0.0244140625 0.642578125 0.048828125 0.6435546875 0.0947265625 0.640625 0.1015625 0.6376953125 0.103515625 0.6259765625 0.0966796875 0.623046875
1 0.2724609375 0.595703125 0.2685546875 0.59765625 0.265625 0.6005859375 0.265625 0.6181640625 0.2685546875 0.62109375 0.283203125 0.6201171875 0.3095703125 0.607421875 0.310546875 0.5986328125 0.3076171875 0.595703125 0.2724609375 0.595703125
1 0.4404296875 0.513671875 0.4306640625 0.513671875 0.4208984375 0.515625 0.41015625 0.5244140625 0.41015625 0.5322265625 0.4130859375 0.537109375 0.458984375 0.5380859375 0.46875 0.5244140625 0.4658203125 0.51953125 0.4501953125 0.517578125 0.4404296875 0.513671875
1 0.33203125 0.5205078125 0.33203125 0.5244140625 0.3349609375 0.52734375 0.3515625 0.5263671875 0.357421875 0.5224609375 0.353515625 0.5107421875 0.3388671875 0.509765625 0.33203125 0.5205078125
1 0.4443359375 0.5390625 0.4208984375 0.5390625 0.4189453125 0.537109375 0.4150390625 0.537109375 0.408203125 0.5419921875 0.40625 0.5498046875 0.4091796875 0.5546875 0.4130859375 0.556640625 0.4296875 0.5556640625 0.4501953125 0.552734375 0.455078125 0.5478515625 0.455078125 0.5439453125 0.4443359375 0.5390625
1 0.5419921875 0.501953125 0.5380859375 0.5 0.5146484375 0.5 0.51171875 0.5029296875 0.51171875 0.5107421875 0.5146484375 0.513671875 0.521484375 0.5126953125 0.5458984375 0.509765625 0.548828125 0.5029296875 0.5458984375 0.5 0.5419921875 0.501953125
1 0.6103515625 0.529296875 0.6083984375 0.52734375 0.5732421875 0.52734375 0.5654296875 0.529296875 0.560546875 0.5341796875 0.5654296875 0.54296875 0.5751953125 0.544921875 0.59375 0.5439453125 0.6337890625 0.541015625 0.638671875 0.5380859375 0.638671875 0.5302734375 0.6103515625 0.529296875
1 0.697265625 0.5068359375 0.6943359375 0.50390625 0.6787109375 0.50390625 0.6767578125 0.505859375 0.6474609375 0.505859375 0.6455078125 0.5078125 0.5986328125 0.51171875 0.595703125 0.5185546875 0.5986328125 0.521484375 0.6015625 0.5205078125 0.6748046875 0.517578125 0.6787109375 0.513671875 0.6943359375 0.51171875 0.697265625 0.5068359375
1 0.7841796875 0.494140625 0.7822265625 0.49609375 0.7724609375 0.49609375 0.76953125 0.4990234375 0.7763671875 0.501953125 0.7783203125 0.5 0.7802734375 0.501953125 0.83984375 0.5009765625 0.8466796875 0.49609375 0.8544921875 0.498046875 0.85546875 0.4931640625 0.7841796875 0.494140625
1 0.5869140625 0.583984375 0.5341796875 0.583984375 0.5322265625 0.5859375 0.5009765625 0.587890625 0.498046875 0.5908203125 0.498046875 0.5986328125 0.5029296875 0.603515625 0.55859375 0.6025390625 0.5966796875 0.595703125 0.59765625 0.5849609375 0.5947265625 0.58203125 0.5869140625 0.583984375
1 0.6259765625 0.625 0.65625 0.6220703125 0.650390625 0.6162109375 0.650390625 0.6103515625 0.6474609375 0.607421875 0.6416015625 0.60546875 0.6005859375 0.607421875 0.5947265625 0.59765625 0.5927734375 0.599609375 0.5673828125 0.599609375 0.5654296875 0.6015625 0.517578125 0.6044921875 0.515625 0.6181640625 0.5185546875 0.625 0.5224609375 0.625 0.5263671875 0.630859375 0.5302734375 0.626953125 0.5322265625 0.630859375 0.55078125 0.6318359375 0.5966796875 0.630859375 0.5986328125 0.62890625 0.6142578125 0.62890625 0.6259765625 0.625
1 0.3896484375 0.630859375 0.3779296875 0.630859375 0.3759765625 0.62890625 0.3662109375 0.62890625 0.3642578125 0.630859375 0.3544921875 0.626953125 0.3212890625 0.626953125 0.3193359375 0.62890625 0.3056640625 0.626953125 0.2998046875 0.62890625 0.2958984375 0.625 0.2783203125 0.625 0.2763671875 0.626953125 0.2705078125 0.625 0.2587890625 0.62890625 0.2568359375 0.626953125 0.2392578125 0.62890625 0.234375 0.6337890625 0.236328125 0.6396484375 0.2265625 0.6474609375 0.224609375 0.6533203125 0.2275390625 0.65625 0.25390625 0.6552734375 0.3994140625 0.642578125 0.404296875 0.6376953125 0.3935546875 0.634765625 0.3896484375 0.630859375
1 0.8447265625 0.583984375 0.8271484375 0.583984375 0.7998046875 0.58984375 0.794921875 0.5966796875 0.794921875 0.6005859375 0.7998046875 0.607421875 0.830078125 0.6064453125 0.8896484375 0.599609375 0.890625 0.5830078125 0.8466796875 0.58203125 0.8447265625 0.583984375