1 0.3875 0.1375 0.1015625 0.1453125
1 0.771875 0.24453125 0.1453125 0.184375
1 0.615625 0.6 0.1015625 0.15625
1 0.7296875 0.0546875 0.11875 0.109375
1 0.84453125 0.07265625 0.13125 0.1453125
1 0.9 0.18125 0.1046875 0.13125
1 0.93515625 0.80546875 0.1296875 0.2796875
1 0.475 0.509375 0.071875 0.096875
1 0.4 0.45859375 0.06875 0.090625
1 0.15 0.2140625 0.06875 0.1375
1 0.31484375 0.72265625 0.0875 0.134375
1 0.1453125 0.4328125 0.0875 0.184375
1 0.7390625 0.671875 0.0359375 0.0328125
1 0.590625 0.384375 0.0359375 0.05
1 0.375 0.240625 0.040625 0.046875
1 0.35703125 0.3859375 0.0328125 0.046875
1 0.3640625 0.034375 0.0328125 0.040625
1 0.3203125 0.0921875 0.0328125 0.040625