1 0.98515625 0.903125 0.028125 0.03125
1 0.98828125 0.7609375 0.0234375 0.059375
1 0.87109375 0.58125 0.075 0.1265625
1 0.87578125 0.42578125 0.0671875 0.0703125
1 0.8859375 0.2609375 0.0703125 0.11875
1 0.9015625 0.81796875 0.046875 0.065625
1 0.61328125 0.80625 0.04375 0.0703125
1 0.6109375 0.54140625 0.075 0.08125
1 0.525 0.590625 0.046875 0.08125
1 0.49296875 0.73046875 0.04375 0.0671875
1 0.775 0.19453125 0.071875 0.04375
1 0.60625 0.3875 0.04375 0.0375
1 0.46484375 0.384375 0.05625 0.0671875
1 0.490625 0.84375 0.05 0.090625
1 0.45703125 0.90234375 0.059375 0.065625
1 0.27578125 0.93671875 0.05625 0.103125
1 0.334375 0.6125 0.04375 0.0546875
1 0.434375 0.77890625 0.06875 0.0640625
1 0.6203125 0.01015625 0.0625 0.0203125
1 0.3 0.3109375 0.05 0.0390625
1 0.05859375 0.515625 0.065625 0.059375
1 0.43828125 0.14375 0.059375 0.0453125
1 0.38125 0.13984375 0.04375 0.05625
1 0.05078125 0.05078125 0.053125 0.059375
1 0.540625 0.19453125 0.053125 0.04375
1 0.70546875 0.21484375 0.028125 0.03125