1 0.3359375 0.62421875 0.0703125 0.0453125
1 0.3265625 0.53515625 0.059375 0.0421875
1 0.33046875 0.2328125 0.053125 0.0375
1 0.296875 0.81328125 0.05625 0.0375
1 0.47734375 0.97578125 0.065625 0.0421875
1 0.3953125 0.7796875 0.05625 0.0421875
1 0.40546875 0.6890625 0.0703125 0.05
1 0.5890625 0.80234375 0.0375 0.03125
1 0.5578125 0.78984375 0.0453125 0.028125
1 0.59765625 0.28515625 0.0421875 0.0453125
1 0.48046875 0.38828125 0.053125 0.0421875
1 0.49453125 0.2515625 0.0375 0.034375
1 0.43359375 0.27421875 0.05 0.0375
1 0.296875 0.11328125 0.0625 0.053125
1 0.40546875 0.4546875 0.05 0.0421875
1 0.3828125 0.38125 0.053125 0.0421875
1 0.42109375 0.4265625 0.0375 0.0421875
1 0.515625 0.5609375 0.0453125 0.0375
1 0.496875 0.746875 0.028125 0.025
1 0.496875 0.72734375 0.0421875 0.028125
1 0.58046875 0.940625 0.034375 0.034375