1 0.01875 0.6140625 0.01875 0.034375
1 0.04609375 0.6890625 0.015625 0.03125
1 0.03828125 0.74140625 0.015625 0.03125
1 0.07421875 0.778125 0.0125 0.021875
1 0.25078125 0.59375 0.0265625 0.040625
1 0.08125 0.15234375 0.040625 0.028125
1 0.20546875 0.1921875 0.040625 0.028125
1 0.14296875 0.15625 0.015625 0.0203125
1 0.1421875 0.275 0.021875 0.034375
1 0.18203125 0.409375 0.0109375 0.03125
1 0.24921875 0.20390625 0.0296875 0.021875
1 0.27109375 0.28984375 0.034375 0.025
1 0.31640625 0.20078125 0.01875 0.01875
1 0.29609375 0.22265625 0.025 0.015625
1 0.33046875 0.23125 0.028125 0.0171875
1 0.18125 0.23515625 0.021875 0.01875
1 0.34921875 0.23984375 0.015625 0.01875
1 0.2578125 0.18671875 0.015625 0.021875
1 0.31953125 0.315625 0.0265625 0.03125
1 0.24609375 0.01640625 0.0125 0.028125
1 0.2640625 0.14765625 0.009375 0.021875
1 0.109375 0.23984375 0.0125 0.025
1 0.0046875 0.53125 0.009375 0.0375
1 0.2453125 0.046875 0.015625 0.0296875
1 0.26796875 0.0875 0.0125 0.0171875
1 0.40625 0.2625 0.0296875 0.01875
1 0.47109375 0.4328125 0.021875 0.015625
1 0.46015625 0.40625 0.01875 0.01875
1 0.38984375 0.046875 0.0265625 0.025
1 0.4515625 0.27109375 0.025 0.021875
1 0.496875 0.27578125 0.0359375 0.0375
1 0.5671875 0.29921875 0.0265625 0.034375
1 0.6078125 0.3109375 0.0265625 0.028125
1 0.64296875 0.29296875 0.0265625 0.028125
1 0.43203125 0.078125 0.0375 0.028125
1 0.32109375 0.7453125 0.0265625 0.0296875
1 0.54453125 0.4890625 0.059375 0.046875
1 0.5984375 0.2859375 0.0265625 0.03125
1 0.49609375 0.13828125 0.03125 0.0296875
1 0.4578125 0.578125 0.028125 0.0421875