1 0.93125 0.57578125 0.0484375 0.034375
1 0.67421875 0.5203125 0.1109375 0.078125
1 0.740625 0.56875 0.04375 0.034375
1 0.86484375 0.5015625 0.05625 0.034375
1 0.8515625 0.55546875 0.1109375 0.059375
1 0.88515625 0.40546875 0.0515625 0.040625
1 0.9796875 0.43125 0.040625 0.034375
1 0.95390625 0.33515625 0.078125 0.0484375
1 0.890625 0.2703125 0.034375 0.0296875
1 0.81484375 0.3484375 0.0375 0.0375
1 0.90546875 0.4609375 0.040625 0.025
1 0.871875 0.34296875 0.034375 0.025
1 0.7203125 0.3609375 0.034375 0.025
1 0.75390625 0.39296875 0.0703125 0.0375
1 0.55546875 0.51328125 0.0375 0.034375
1 0.53125 0.45 0.040625 0.025
1 0.69609375 0.44296875 0.0375 0.025
1 0.71640625 0.4796875 0.040625 0.025
1 0.76328125 0.42578125 0.0375 0.021875
1 0.65390625 0.35 0.034375 0.034375
1 0.63359375 0.421875 0.0296875 0.021875
1 0.71328125 0.30546875 0.0625 0.034375
1 0.65546875 0.309375 0.0296875 0.025
1 0.50703125 0.41328125 0.103125 0.0484375
1 0.5484375 0.35390625 0.0890625 0.05625
1 0.48359375 0.3390625 0.078125 0.0484375
1 0.421875 0.60390625 0.1109375 0.075
1 0.15390625 0.3984375 0.078125 0.0484375
1 0.309375 0.39296875 0.05625 0.04375
1 0.26640625 0.38671875 0.0296875 0.025
1 0.3484375 0.36328125 0.065625 0.0375
1 0.3015625 0.34609375 0.05625 0.034375
1 0.33359375 0.32421875 0.065625 0.0484375
1 0.371875 0.459375 0.034375 0.0296875
1 0.3703125 0.51875 0.0515625 0.0375
1 0.33515625 0.48515625 0.034375 0.0296875
1 0.29609375 0.4796875 0.0296875 0.034375
1 0.26640625 0.48359375 0.0375 0.034375
1 0.23125 0.48125 0.034375 0.0375
1 0.1796875 0.478125 0.05625 0.0375
1 0.18125 0.44453125 0.0296875 0.0375
1 0.15546875 0.44609375 0.0296875 0.034375
1 0.61640625 0.3390625 0.034375 0.034375
1 0.59609375 0.53515625 0.0296875 0.025
1 0.7796875 0.46328125 0.034375 0.0296875
1 0.1015625 0.56484375 0.10625 0.05625
1 0.209375 0.52578125 0.1515625 0.059375
1 0.0796875 0.471875 0.05625 0.040625
1 0.16484375 0.7109375 0.040625 0.0296875
1 0.16875 0.68671875 0.034375 0.025
1 0.27578125 0.6515625 0.025 0.021875
1 0.27421875 0.60703125 0.021875 0.021875
1 0.20390625 0.62578125 0.0296875 0.0296875
1 0.35703125 0.6890625 0.034375 0.0375
1 0.40546875 0.64453125 0.034375 0.0296875
1 0.0890625 0.6203125 0.0375 0.025
1 0.090625 0.65703125 0.034375 0.034375
1 0.00546875 0.48515625 0.0109375 0.04375
1 0.0171875 0.45546875 0.034375 0.0296875
1 0.10390625 0.41484375 0.0375 0.04375
1 0.05703125 0.42421875 0.0703125 0.05625
1 0.0515625 0.6796875 0.0375 0.025
1 0.1203125 0.5984375 0.025 0.025
1 0.1015625 0.51328125 0.025 0.025
1 0.209375 0.5890625 0.034375 0.04375
1 0.23515625 0.578125 0.034375 0.0296875
1 0.02578125 0.70390625 0.04375 0.04375
1 0.0078125 0.70078125 0.015625 0.0453125
1 0.05 0.52421875 0.025 0.025
1 0.028125 0.51875 0.034375 0.0515625
1 0.30390625 0.43515625 0.0375 0.025
1 0.39609375 0.40546875 0.0890625 0.0703125
1 0.48515625 0.63515625 0.0296875 0.025
1 0.49296875 0.60390625 0.0375 0.0296875
1 0.5484375 0.56640625 0.0375 0.0296875
1 0.5203125 0.55546875 0.034375 0.021875
1 0.49609375 0.540625 0.0515625 0.0296875
1 0.50390625 0.51875 0.04375 0.021875
1 0.49453125 0.490625 0.0625 0.025
1 0.46328125 0.52421875 0.04375 0.034375
1 0.421875 0.51640625 0.059375 0.034375
1 0.59296875 0.5796875 0.1109375 0.05625
1 0.5609375 0.48515625 0.034375 0.021875
1 0.67578125 0.3890625 0.034375 0.0296875
1 0.63515625 0.3796875 0.025 0.025
1 0.821875 0.29609375 0.0375 0.0296875
1 0.08125 0.371875 0.0296875 0.025
1 0.18125 0.3609375 0.0375 0.025
1 0.69609375 0.2796875 0.184375 0.0484375