1 0.79921875 0.13515625 0.078125 0.06875
1 0.846875 0.49296875 0.071875 0.08125
1 0.4671875 0.14921875 0.0625 0.1046875
1 0.309375 0.2453125 0.06875 0.109375
1 0.209375 0.42421875 0.08125 0.15625
1 0.33359375 0.54375 0.10625 0.1796875
1 0.41796875 0.65078125 0.0828125 0.1015625
1 0.38671875 0.97734375 0.0828125 0.0453125
1 0.7140625 0.334375 0.04375 0.1125
1 0.6671875 0.64140625 0.08125 0.1109375
1 0.16171875 0.79609375 0.046875 0.096875
1 0.73359375 0.7796875 0.04375 0.0515625
1 0.79140625 0.4453125 0.028125 0.05
1 0.8859375 0.31328125 0.025 0.078125
1 0.6359375 0.88046875 0.025 0.075
1 0.1234375 0.28984375 0.03125 0.08125
1 0.25859375 0.0203125 0.0390625 0.040625