1 0.0966796875 0.716796875 0.0830078125 0.720703125 0.072265625 0.7275390625 0.072265625 0.7314453125 0.0771484375 0.736328125 0.0830078125 0.73828125 0.095703125 0.7373046875 0.1025390625 0.734375 0.11328125 0.7236328125 0.1103515625 0.71875 0.0966796875 0.716796875
1 0.19921875 0.6220703125 0.1962890625 0.619140625 0.1708984375 0.619140625 0.1513671875 0.625 0.1201171875 0.626953125 0.1083984375 0.630859375 0.09765625 0.6396484375 0.099609375 0.6455078125 0.1083984375 0.650390625 0.130859375 0.6494140625 0.1494140625 0.642578125 0.1884765625 0.640625 0.201171875 0.6298828125 0.19921875 0.6220703125
1 0.1611328125 0.71484375 0.154296875 0.7197265625 0.1572265625 0.7265625 0.171875 0.7255859375 0.1796875 0.7197265625 0.1796875 0.7158203125 0.1748046875 0.712890625 0.1611328125 0.71484375
1 0.2822265625 0.67578125 0.2529296875 0.681640625 0.2421875 0.6923828125 0.2470703125 0.69921875 0.2548828125 0.701171875 0.275390625 0.7001953125 0.29296875 0.6923828125 0.294921875 0.6826171875 0.2900390625 0.677734375 0.2822265625 0.67578125
1 0.2626953125 0.630859375 0.2548828125 0.630859375 0.2529296875 0.6328125 0.2431640625 0.6328125 0.23046875 0.6396484375 0.228515625 0.6455078125 0.2314453125 0.650390625 0.248046875 0.6533203125 0.2607421875 0.650390625 0.267578125 0.6455078125 0.271484375 0.6376953125 0.2626953125 0.630859375
1 0.3154296875 0.6171875 0.2958984375 0.6171875 0.2880859375 0.62109375 0.2744140625 0.623046875 0.263671875 0.6298828125 0.2724609375 0.638671875 0.279296875 0.6376953125 0.3173828125 0.6328125 0.32421875 0.6279296875 0.32421875 0.6220703125 0.3154296875 0.6171875
1 0.302734375 0.6025390625 0.2978515625 0.599609375 0.2724609375 0.6015625 0.26171875 0.6083984375 0.2666015625 0.615234375 0.27734375 0.6181640625 0.2919921875 0.6171875 0.2998046875 0.61328125 0.3046875 0.6083984375 0.302734375 0.6025390625
1 0.2587890625 0.5859375 0.2509765625 0.587890625 0.2421875 0.5966796875 0.2490234375 0.6015625 0.26953125 0.6005859375 0.2802734375 0.59765625 0.283203125 0.5927734375 0.2724609375 0.5859375 0.2587890625 0.5859375
1 0.2021484375 0.55078125 0.185546875 0.5615234375 0.1943359375 0.5703125 0.21875 0.5693359375 0.2333984375 0.56640625 0.240234375 0.5615234375 0.2275390625 0.546875 0.2021484375 0.55078125
1 0.2958984375 0.513671875 0.2763671875 0.513671875 0.2744140625 0.515625 0.2548828125 0.517578125 0.251953125 0.5205078125 0.251953125 0.5341796875 0.265625 0.5341796875 0.2998046875 0.529296875 0.302734375 0.5263671875 0.302734375 0.5185546875 0.2958984375 0.513671875
1 0.2392578125 0.515625 0.2158203125 0.517578125 0.19921875 0.5244140625 0.2001953125 0.52734375 0.2060546875 0.52734375 0.2138671875 0.53125 0.220703125 0.5302734375 0.2314453125 0.529296875 0.2412109375 0.5234375 0.244140625 0.5185546875 0.2392578125 0.515625
1 0.3984375 0.5244140625 0.3876953125 0.51953125 0.3857421875 0.521484375 0.3544921875 0.525390625 0.34375 0.5361328125 0.3525390625 0.54296875 0.376953125 0.5419921875 0.3857421875 0.541015625 0.3974609375 0.53515625 0.400390625 0.5322265625 0.3984375 0.5244140625
1 0.4287109375 0.501953125 0.4228515625 0.5 0.3974609375 0.501953125 0.3837890625 0.505859375 0.376953125 0.5107421875 0.3818359375 0.517578125 0.3876953125 0.51953125 0.416015625 0.5185546875 0.4228515625 0.517578125 0.4296875 0.5107421875 0.431640625 0.5068359375 0.4287109375 0.501953125
1 0.32421875 0.5107421875 0.3271484375 0.513671875 0.34375 0.5126953125 0.345703125 0.5087890625 0.3427734375 0.505859375 0.3310546875 0.505859375 0.32421875 0.5107421875
1 0.3759765625 0.56640625 0.361328125 0.5732421875 0.3662109375 0.576171875 0.376953125 0.5751953125 0.3857421875 0.57421875 0.39453125 0.5693359375 0.3916015625 0.56640625 0.3759765625 0.56640625
1 0.3642578125 0.58984375 0.3544921875 0.58984375 0.345703125 0.5947265625 0.3525390625 0.599609375 0.35546875 0.5986328125 0.3759765625 0.595703125 0.3828125 0.5888671875 0.3662109375 0.587890625 0.3642578125 0.58984375
1 0.326171875 0.6591796875 0.32421875 0.6650390625 0.3291015625 0.671875 0.3330078125 0.673828125 0.341796875 0.6728515625 0.3583984375 0.66796875 0.361328125 0.6591796875 0.3564453125 0.654296875 0.326171875 0.6591796875
1 0.4404296875 0.626953125 0.4267578125 0.626953125 0.4091796875 0.630859375 0.400390625 0.6357421875 0.3984375 0.6435546875 0.4052734375 0.650390625 0.419921875 0.6494140625 0.4384765625 0.646484375 0.4453125 0.6357421875 0.4453125 0.6318359375 0.4404296875 0.626953125
1 0.4697265625 0.58203125 0.4560546875 0.580078125 0.4404296875 0.583984375 0.423828125 0.5966796875 0.423828125 0.6025390625 0.4287109375 0.60546875 0.4345703125 0.607421875 0.453125 0.6064453125 0.4755859375 0.599609375 0.482421875 0.5947265625 0.484375 0.5888671875 0.4697265625 0.58203125
1 0.5185546875 0.603515625 0.4873046875 0.60546875 0.4755859375 0.609375 0.466796875 0.6181640625 0.466796875 0.6220703125 0.4736328125 0.62890625 0.4794921875 0.630859375 0.5 0.6298828125 0.5107421875 0.625 0.521484375 0.6162109375 0.5234375 0.6083984375 0.5185546875 0.603515625
1 0.5107421875 0.529296875 0.4931640625 0.53125 0.48046875 0.5400390625 0.48046875 0.5458984375 0.4833984375 0.548828125 0.490234375 0.5498046875 0.5126953125 0.546875 0.521484375 0.5419921875 0.521484375 0.5341796875 0.5107421875 0.529296875
1 0.6083984375 0.595703125 0.5947265625 0.595703125 0.5869140625 0.599609375 0.580078125 0.6083984375 0.580078125 0.6123046875 0.5888671875 0.619140625 0.59765625 0.6181640625 0.6123046875 0.615234375 0.619140625 0.6083984375 0.619140625 0.6044921875 0.6083984375 0.595703125
1 0.5732421875 0.634765625 0.5595703125 0.63671875 0.5439453125 0.640625 0.53515625 0.6474609375 0.53515625 0.6513671875 0.5419921875 0.658203125 0.5498046875 0.66015625 0.564453125 0.6591796875 0.58203125 0.6474609375 0.58203125 0.6396484375 0.5791015625 0.63671875 0.5732421875 0.634765625
1 0.5634765625 0.46484375 0.5380859375 0.46875 0.53125 0.4775390625 0.53125 0.4833984375 0.5341796875 0.486328125 0.55859375 0.4853515625 0.5693359375 0.48046875 0.57421875 0.4736328125 0.5712890625 0.46875 0.5634765625 0.46484375
1 0.6806640625 0.439453125 0.6669921875 0.439453125 0.6376953125 0.4453125 0.626953125 0.4501953125 0.626953125 0.4541015625 0.6396484375 0.462890625 0.654296875 0.4619140625 0.6728515625 0.45703125 0.681640625 0.4482421875 0.68359375 0.4423828125 0.6806640625 0.439453125
1 0.8701171875 0.47265625 0.8505859375 0.47265625 0.8369140625 0.4765625 0.818359375 0.4873046875 0.8193359375 0.490234375 0.845703125 0.4892578125 0.8583984375 0.48828125 0.8759765625 0.48046875 0.876953125 0.4775390625 0.8701171875 0.47265625
1 0.97265625 0.4521484375 0.9736328125 0.458984375 0.984375 0.4580078125 0.9990234375 0.455078125 1 0.4462890625 0.9892578125 0.4453125 0.97265625 0.4521484375
1 0.896484375 0.4111328125 0.8994140625 0.4140625 0.9091796875 0.416015625 0.92578125 0.4150390625 0.935546875 0.4052734375 0.9345703125 0.400390625 0.9248046875 0.3984375 0.896484375 0.4111328125
1 0.822265625 0.5791015625 0.8154296875 0.57421875 0.7880859375 0.57421875 0.775390625 0.5830078125 0.775390625 0.5908203125 0.7783203125 0.59375 0.7822265625 0.595703125 0.79296875 0.5947265625 0.8115234375 0.591796875 0.8193359375 0.587890625 0.822265625 0.5849609375 0.822265625 0.5791015625
1 0.8427734375 0.599609375 0.8291015625 0.599609375 0.794921875 0.6142578125 0.7978515625 0.62109375 0.826171875 0.6201171875 0.8466796875 0.615234375 0.853515625 0.6083984375 0.853515625 0.6044921875 0.8427734375 0.599609375
1 0.9599609375 0.583984375 0.96484375 0.5791015625 0.9580078125 0.572265625 0.9462890625 0.568359375 0.9189453125 0.572265625 0.9072265625 0.578125 0.8955078125 0.58984375 0.8740234375 0.59765625 0.8671875 0.6044921875 0.8759765625 0.611328125 0.888671875 0.6103515625 0.9072265625 0.607421875 0.9189453125 0.595703125 0.9501953125 0.587890625 0.9599609375 0.583984375