1 0.419921875 0.8330078125 0.4150390625 0.82421875 0.41015625 0.8251953125 0.40234375 0.8466796875 0.40234375 0.8525390625 0.40625 0.8525390625 0.4091796875 0.849609375 0.4150390625 0.849609375 0.419921875 0.8388671875 0.419921875 0.8330078125
1 0.3447265625 0.947265625 0.33984375 0.9541015625 0.33984375 0.9580078125 0.3447265625 0.962890625 0.34765625 0.9619140625 0.35546875 0.9541015625 0.35546875 0.9501953125 0.3505859375 0.9453125 0.3447265625 0.947265625
1 0.423828125 0.7998046875 0.423828125 0.8095703125 0.4267578125 0.8125 0.431640625 0.8115234375 0.439453125 0.7919921875 0.4384765625 0.7890625 0.4306640625 0.791015625 0.423828125 0.7998046875
1 0.4921875 0.5712890625 0.4853515625 0.56640625 0.4765625 0.5712890625 0.474609375 0.5791015625 0.474609375 0.5830078125 0.48046875 0.5869140625 0.4853515625 0.5859375 0.4921875 0.5791015625 0.490234375 0.5771484375 0.4921875 0.5712890625
1 0.421875 0.7548828125 0.42578125 0.7568359375 0.4296875 0.7529296875 0.4287109375 0.73828125 0.421875 0.7412109375 0.421875 0.7548828125
1 0.3984375 0.7353515625 0.4013671875 0.73828125 0.40625 0.7373046875 0.408203125 0.7255859375 0.4033203125 0.720703125 0.3984375 0.7255859375 0.3984375 0.7353515625
1 0.474609375 0.5029296875 0.474609375 0.5087890625 0.48046875 0.5107421875 0.484375 0.5087890625 0.484375 0.5029296875 0.4775390625 0.5 0.474609375 0.5029296875
1 0.51171875 0.4228515625 0.51171875 0.4267578125 0.498046875 0.4482421875 0.49609375 0.4560546875 0.501953125 0.4560546875 0.513671875 0.4404296875 0.517578125 0.4306640625 0.5166015625 0.421875 0.51171875 0.4228515625
1 0.57421875 0.3623046875 0.578125 0.3623046875 0.5859375 0.3544921875 0.5830078125 0.345703125 0.57421875 0.3544921875 0.57421875 0.3623046875
1 0.56640625 0.2998046875 0.56640625 0.3037109375 0.5693359375 0.306640625 0.572265625 0.3056640625 0.578125 0.2978515625 0.578125 0.2919921875 0.5751953125 0.2890625 0.56640625 0.2998046875
1 0.626953125 0.1787109375 0.62890625 0.1884765625 0.63671875 0.1884765625 0.642578125 0.1806640625 0.6416015625 0.171875 0.6318359375 0.171875 0.626953125 0.1787109375
1 0.671875 0.0556640625 0.669921875 0.0654296875 0.669921875 0.0712890625 0.673828125 0.0712890625 0.677734375 0.0673828125 0.6796875 0.0595703125 0.6767578125 0.052734375 0.671875 0.0556640625
1 0.640625 0.1376953125 0.642578125 0.1416015625 0.640625 0.1494140625 0.646484375 0.1494140625 0.650390625 0.1474609375 0.65625 0.1376953125 0.6513671875 0.12890625 0.640625 0.1376953125
1 0.6923828125 0.095703125 0.6875 0.0986328125 0.681640625 0.1142578125 0.6796875 0.1259765625 0.68359375 0.1259765625 0.6884765625 0.125 0.6953125 0.1142578125 0.697265625 0.1025390625 0.6923828125 0.095703125
1 0.662109375 0.1064453125 0.66015625 0.1220703125 0.6640625 0.1259765625 0.673828125 0.1181640625 0.6748046875 0.0859375 0.671875 0.0869140625 0.662109375 0.1064453125
1 0.71875 0.0302734375 0.716796875 0.0322265625 0.716796875 0.0400390625 0.71875 0.0400390625 0.728515625 0.0166015625 0.7275390625 0.01171875 0.71875 0.0205078125 0.71875 0.0302734375