1 0.4296875 0.9921875 0.034375 0.015625
1 0.35390625 0.96640625 0.0328125 0.0171875
1 0.3015625 0.97421875 0.0328125 0.015625
1 0.2640625 0.9375 0.021875 0.0125
1 0.45 0.759375 0.040625 0.0265625
1 0.89609375 0.93125 0.028125 0.0421875
1 0.85625 0.8046875 0.028125 0.0421875
1 0.8921875 0.86875 0.0203125 0.015625
1 0.77265625 0.86953125 0.034375 0.021875
1 0.6359375 0.82890625 0.0328125 0.009375
1 0.84375 0.7609375 0.021875 0.0296875
1 0.7578125 0.73828125 0.025 0.034375
1 0.84765625 0.69296875 0.0203125 0.0203125
1 0.825 0.71328125 0.015625 0.025
1 0.81640625 0.67890625 0.0171875 0.028125
1 0.8125 0.8296875 0.0203125 0.021875
1 0.8078125 0.659375 0.0203125 0.015625
1 0.8609375 0.7515625 0.021875 0.015625
1 0.73125 0.6890625 0.0328125 0.0265625
1 0.9015625 0.74609375 0.021875 0.009375
1 0.8078125 0.903125 0.025 0.0125
1 0.99375 0.76484375 0.0125 0.015625
1 0.9609375 0.74140625 0.0171875 0.0125
1 0.78515625 0.6015625 0.0203125 0.0296875
1 0.6125 0.5359375 0.015625 0.021875
1 0.63984375 0.54765625 0.0203125 0.01875
1 0.99453125 0.61796875 0.0109375 0.0265625
1 0.7765625 0.55546875 0.021875 0.025
1 0.77109375 0.51015625 0.0375 0.0375
1 0.74765625 0.43828125 0.034375 0.0265625
1 0.7359375 0.396875 0.028125 0.0265625
1 0.75390625 0.3625 0.028125 0.0265625
1 0.97109375 0.57578125 0.028125 0.0375
1 0.29765625 0.6875 0.0296875 0.0265625
1 0.55625 0.46171875 0.046875 0.059375
1 0.7609375 0.40703125 0.0328125 0.0265625
1 0.91015625 0.5109375 0.0296875 0.03125
1 0.46640625 0.54921875 0.0421875 0.028125