1 0.390625 0.5634765625 0.3876953125 0.55859375 0.3837890625 0.556640625 0.3798828125 0.55859375 0.376953125 0.5556640625 0.380859375 0.5517578125 0.375 0.5458984375 0.376953125 0.5361328125 0.3740234375 0.52734375 0.373046875 0.5419921875 0.37109375 0.5439453125 0.37109375 0.5654296875 0.3671875 0.5791015625 0.3671875 0.6103515625 0.3720703125 0.611328125 0.376953125 0.6162109375 0.38671875 0.6064453125 0.388671875 0.5869140625 0.390625 0.5849609375 0.390625 0.5634765625
1 0.4150390625 0.525390625 0.4091796875 0.525390625 0.40625 0.5283203125 0.40234375 0.5400390625 0.404296875 0.5595703125 0.4091796875 0.564453125 0.412109375 0.5634765625 0.419921875 0.5576171875 0.423828125 0.5458984375 0.421875 0.5322265625 0.4150390625 0.525390625
1 0.4169921875 0.62109375 0.4111328125 0.62109375 0.40625 0.6259765625 0.3984375 0.6416015625 0.3984375 0.6630859375 0.4033203125 0.671875 0.412109375 0.6728515625 0.41796875 0.6650390625 0.421875 0.6455078125 0.421875 0.6279296875 0.4169921875 0.62109375
1 0.3994140625 0.697265625 0.3916015625 0.701171875 0.38671875 0.7080078125 0.38671875 0.7373046875 0.3935546875 0.744140625 0.396484375 0.7431640625 0.400390625 0.7392578125 0.404296875 0.7275390625 0.404296875 0.7021484375 0.3994140625 0.697265625
1 0.3779296875 0.78125 0.37109375 0.7880859375 0.369140625 0.8115234375 0.3759765625 0.818359375 0.3828125 0.8173828125 0.38671875 0.8037109375 0.38671875 0.7861328125 0.3818359375 0.78125 0.3779296875 0.78125
1 0.369140625 0.8525390625 0.3642578125 0.84765625 0.353515625 0.8544921875 0.349609375 0.8662109375 0.3515625 0.8935546875 0.3544921875 0.8984375 0.36328125 0.8974609375 0.369140625 0.8837890625 0.369140625 0.8642578125 0.37109375 0.8623046875 0.369140625 0.8525390625
1 0.333984375 0.9697265625 0.333984375 0.9873046875 0.341796875 0.9873046875 0.345703125 0.9677734375 0.3427734375 0.962890625 0.3388671875 0.962890625 0.333984375 0.9697265625
1 0.408203125 0.9482421875 0.404296875 0.9638671875 0.404296875 0.9892578125 0.396484375 0.9951171875 0.396484375 0.9990234375 0.42578125 0.9990234375 0.427734375 0.9541015625 0.4228515625 0.9453125 0.4111328125 0.9453125 0.408203125 0.9482421875
1 0.41796875 0.8623046875 0.41796875 0.8505859375 0.421875 0.8369140625 0.421875 0.8310546875 0.4150390625 0.81640625 0.4111328125 0.81640625 0.40625 0.8251953125 0.404296875 0.8642578125 0.392578125 0.8857421875 0.39453125 0.9052734375 0.3994140625 0.91015625 0.40234375 0.9091796875 0.40625 0.9072265625 0.41015625 0.8974609375 0.41015625 0.8857421875 0.41796875 0.8623046875
1 0.4375 0.8525390625 0.435546875 0.8369140625 0.4326171875 0.833984375 0.4267578125 0.833984375 0.421875 0.8388671875 0.421875 0.8662109375 0.4287109375 0.875 0.435546875 0.8759765625 0.4375 0.8896484375 0.4404296875 0.892578125 0.443359375 0.8916015625 0.44921875 0.8837890625 0.44921875 0.8603515625 0.4443359375 0.853515625 0.4375 0.8525390625
1 0.4716796875 0.892578125 0.466796875 0.9091796875 0.466796875 0.9365234375 0.46875 0.9423828125 0.4736328125 0.947265625 0.4765625 0.9462890625 0.48046875 0.9423828125 0.486328125 0.9248046875 0.486328125 0.9033203125 0.4716796875 0.892578125
1 0.5009765625 0.828125 0.49609375 0.8349609375 0.494140625 0.8447265625 0.4921875 0.8779296875 0.4951171875 0.880859375 0.509765625 0.8798828125 0.513671875 0.8642578125 0.513671875 0.8369140625 0.5107421875 0.830078125 0.5009765625 0.828125
1 0.513671875 0.8935546875 0.5107421875 0.88671875 0.505859375 0.8896484375 0.501953125 0.8974609375 0.501953125 0.9208984375 0.505859375 0.9306640625 0.5078125 0.9306640625 0.51171875 0.9248046875 0.51171875 0.9150390625 0.513671875 0.9130859375 0.513671875 0.8935546875
1 0.515625 0.7099609375 0.5107421875 0.703125 0.5068359375 0.703125 0.5 0.7119140625 0.498046875 0.7333984375 0.4892578125 0.734375 0.484375 0.7431640625 0.482421875 0.7646484375 0.498046875 0.7646484375 0.5 0.7529296875 0.5107421875 0.75390625 0.513671875 0.7490234375 0.515625 0.7099609375
1 0.5078125 0.8037109375 0.5107421875 0.806640625 0.513671875 0.8056640625 0.517578125 0.7939453125 0.5107421875 0.787109375 0.5078125 0.7919921875 0.5078125 0.8037109375
1 0.466796875 0.7705078125 0.46875 0.7666015625 0.478515625 0.7666015625 0.478515625 0.7470703125 0.4677734375 0.744140625 0.4619140625 0.74609375 0.4580078125 0.734375 0.455078125 0.7373046875 0.455078125 0.7451171875 0.4501953125 0.75 0.4375 0.7509765625 0.4375 0.7568359375 0.43359375 0.7626953125 0.42578125 0.7666015625 0.42578125 0.7763671875 0.423828125 0.7783203125 0.423828125 0.7939453125 0.4267578125 0.796875 0.451171875 0.7958984375 0.455078125 0.7841796875 0.4599609375 0.779296875 0.46875 0.7802734375 0.466796875 0.7705078125
1 0.4736328125 0.611328125 0.466796875 0.6318359375 0.466796875 0.6533203125 0.4716796875 0.658203125 0.478515625 0.6572265625 0.486328125 0.6435546875 0.486328125 0.6201171875 0.4814453125 0.611328125 0.4736328125 0.611328125
1 0.4306640625 0.666015625 0.423828125 0.6748046875 0.419921875 0.7041015625 0.4248046875 0.716796875 0.43359375 0.7158203125 0.443359375 0.6982421875 0.4453125 0.6806640625 0.44140625 0.6708984375 0.4306640625 0.666015625
1 0.5341796875 0.560546875 0.5283203125 0.560546875 0.521484375 0.5673828125 0.517578125 0.5830078125 0.51953125 0.5986328125 0.5244140625 0.603515625 0.529296875 0.6025390625 0.537109375 0.5966796875 0.5390625 0.5908203125 0.5390625 0.5673828125 0.5341796875 0.560546875
1 0.5537109375 0.451171875 0.5478515625 0.451171875 0.541015625 0.4560546875 0.53515625 0.4716796875 0.53515625 0.4951171875 0.5390625 0.5029296875 0.5439453125 0.5078125 0.546875 0.5068359375 0.552734375 0.4970703125 0.552734375 0.4833984375 0.5546875 0.4814453125 0.5537109375 0.451171875
1 0.4248046875 0.32421875 0.4189453125 0.32421875 0.416015625 0.3271484375 0.412109375 0.3408203125 0.412109375 0.3662109375 0.4169921875 0.373046875 0.421875 0.3720703125 0.4296875 0.3642578125 0.431640625 0.3583984375 0.431640625 0.3330078125 0.4248046875 0.32421875
1 0.4169921875 0.18359375 0.412109375 0.1884765625 0.404296875 0.2236328125 0.40625 0.2412109375 0.4111328125 0.24609375 0.416015625 0.2451171875 0.419921875 0.2412109375 0.42578125 0.2255859375 0.42578125 0.1962890625 0.4169921875 0.18359375
1 0.4013671875 0.240234375 0.396484375 0.2451171875 0.392578125 0.2626953125 0.392578125 0.2763671875 0.3974609375 0.28125 0.40234375 0.2802734375 0.41015625 0.2548828125 0.41015625 0.2490234375 0.4052734375 0.240234375 0.4013671875 0.240234375
1 0.392578125 0.2978515625 0.388671875 0.3134765625 0.38671875 0.3505859375 0.3916015625 0.35546875 0.39453125 0.3544921875 0.40625 0.3251953125 0.40625 0.3056640625 0.3994140625 0.29296875 0.392578125 0.2978515625
1 0.517578125 0.2841796875 0.515625 0.2666015625 0.5126953125 0.26171875 0.505859375 0.2646484375 0.5 0.2841796875 0.5 0.3173828125 0.5029296875 0.322265625 0.505859375 0.3212890625 0.5078125 0.3134765625 0.513671875 0.3056640625 0.515625 0.2861328125 0.517578125 0.2841796875
1 0.4306640625 0.04296875 0.423828125 0.0537109375 0.421875 0.0771484375 0.4306640625 0.087890625 0.43359375 0.0869140625 0.439453125 0.0771484375 0.44140625 0.0615234375 0.435546875 0.0439453125 0.4306640625 0.04296875
1 0.5107421875 0.060546875 0.5078125 0.0615234375 0.501953125 0.0869140625 0.501953125 0.1064453125 0.5 0.1103515625 0.50390625 0.1142578125 0.5078125 0.1064453125 0.509765625 0.0869140625 0.51171875 0.0849609375 0.5107421875 0.060546875
1 0.521484375 0.1083984375 0.521484375 0.1201171875 0.51953125 0.1220703125 0.51953125 0.1318359375 0.521484375 0.1337890625 0.51953125 0.1689453125 0.52734375 0.1689453125 0.533203125 0.1455078125 0.53125 0.1005859375 0.5283203125 0.09765625 0.521484375 0.1083984375
1 0.615234375 0.0166015625 0.6142578125 0 0.58984375 0.0009765625 0.587890625 0.0458984375 0.5947265625 0.052734375 0.6015625 0.0517578125 0.607421875 0.0419921875 0.611328125 0.0400390625 0.61328125 0.0185546875 0.615234375 0.0166015625
1 0.560546875 0.2138671875 0.560546875 0.2294921875 0.5625 0.2373046875 0.56640625 0.2392578125 0.576171875 0.2119140625 0.5712890625 0.201171875 0.56640625 0.2041015625 0.560546875 0.2138671875