1 0.82890625 0.29453125 0.0859375 0.1015625
1 0.8140625 0.4140625 0.10625 0.0890625
1 0.86953125 0.58359375 0.13125 0.178125
1 0.6609375 0.48515625 0.071875 0.184375
1 0.4875 0.4109375 0.103125 0.1546875
1 0.58359375 0.14296875 0.06875 0.084375
1 0.7265625 0.059375 0.06875 0.0953125
1 0.25703125 0.0984375 0.09375 0.1375
1 0.3390625 0.253125 0.05 0.1015625
1 0.2859375 0.38984375 0.05 0.0890625
1 0.475 0.6484375 0.1 0.11875
1 0.4640625 0.82109375 0.078125 0.10625
1 0.65703125 0.86015625 0.071875 0.184375
1 0.7890625 0.753125 0.078125 0.1125
1 0.8 0.94921875 0.0359375 0.078125
1 0.10859375 0.33046875 0.06875 0.1125
1 0.0890625 0.13359375 0.0359375 0.0890625
1 0.1765625 0.61875 0.103125 0.1546875
1 0.19140625 0.82734375 0.11875 0.178125
1 0.35390625 0.76171875 0.078125 0.11875
1 0.1734375 0.48515625 0.075 0.1125
1 0.4859375 0.13984375 0.05 0.078125
1 0.12109375 0.01796875 0.05 0.0359375