1 0.4052734375 0.9375 0.3955078125 0.9375 0.3896484375 0.939453125 0.384765625 0.9482421875 0.38671875 0.9814453125 0.3896484375 0.984375 0.40625 0.9833984375 0.41015625 0.9814453125 0.412109375 0.9736328125 0.412109375 0.9423828125 0.4052734375 0.9375
1 0.4736328125 0.90625 0.466796875 0.9111328125 0.46484375 0.9169921875 0.46484375 0.9423828125 0.4697265625 0.94921875 0.482421875 0.9501953125 0.490234375 0.9365234375 0.490234375 0.9169921875 0.4853515625 0.908203125 0.4736328125 0.90625
1 0.5341796875 0.873046875 0.529296875 0.8759765625 0.525390625 0.8837890625 0.525390625 0.8935546875 0.5283203125 0.896484375 0.54296875 0.8955078125 0.544921875 0.8935546875 0.544921875 0.8779296875 0.5400390625 0.873046875 0.5341796875 0.873046875
1 0.50390625 0.8525390625 0.50390625 0.8623046875 0.5087890625 0.869140625 0.515625 0.8681640625 0.51953125 0.8642578125 0.51953125 0.8505859375 0.5087890625 0.84765625 0.50390625 0.8525390625
1 0.4326171875 0.78515625 0.427734375 0.7900390625 0.42578125 0.7978515625 0.4287109375 0.8046875 0.435546875 0.8056640625 0.44140625 0.8017578125 0.44140625 0.7939453125 0.4375 0.7861328125 0.4326171875 0.78515625
1 0.4052734375 0.818359375 0.40234375 0.8232421875 0.40234375 0.8310546875 0.4052734375 0.8359375 0.4140625 0.8369140625 0.41796875 0.8330078125 0.419921875 0.8251953125 0.4150390625 0.818359375 0.4052734375 0.818359375
1 0.388671875 0.8056640625 0.3798828125 0.79296875 0.3740234375 0.7890625 0.3623046875 0.787109375 0.3515625 0.7978515625 0.34765625 0.8076171875 0.34765625 0.8232421875 0.345703125 0.8251953125 0.34765625 0.8408203125 0.3564453125 0.845703125 0.3828125 0.8447265625 0.388671875 0.8349609375 0.388671875 0.8212890625 0.390625 0.8193359375 0.388671875 0.8056640625
1 0.4716796875 0.666015625 0.4658203125 0.666015625 0.45703125 0.6748046875 0.455078125 0.6806640625 0.455078125 0.7041015625 0.4599609375 0.708984375 0.470703125 0.7099609375 0.478515625 0.7021484375 0.478515625 0.6806640625 0.48046875 0.6787109375 0.4716796875 0.666015625
1 0.56640625 0.5498046875 0.55859375 0.5361328125 0.55859375 0.5322265625 0.5537109375 0.52734375 0.5439453125 0.525390625 0.5380859375 0.52734375 0.53125 0.5380859375 0.533203125 0.5673828125 0.5380859375 0.576171875 0.5439453125 0.578125 0.556640625 0.5771484375 0.564453125 0.5732421875 0.56640625 0.5673828125 0.564453125 0.5537109375 0.56640625 0.5498046875
1 0.3583984375 0.62109375 0.35546875 0.6240234375 0.353515625 0.6455078125 0.3583984375 0.65234375 0.365234375 0.6513671875 0.37109375 0.6455078125 0.369140625 0.6259765625 0.3642578125 0.62109375 0.3583984375 0.62109375
1 0.4873046875 0.470703125 0.4765625 0.4794921875 0.4765625 0.4990234375 0.4853515625 0.505859375 0.494140625 0.5048828125 0.498046875 0.5009765625 0.498046875 0.4755859375 0.4931640625 0.470703125 0.4873046875 0.470703125
1 0.4052734375 0.580078125 0.400390625 0.5888671875 0.400390625 0.6044921875 0.4033203125 0.609375 0.416015625 0.6083984375 0.423828125 0.6025390625 0.42578125 0.5908203125 0.4169921875 0.58203125 0.4052734375 0.580078125
1 0.3701171875 0.595703125 0.365234375 0.6005859375 0.3671875 0.6103515625 0.3701171875 0.61328125 0.37890625 0.6123046875 0.380859375 0.6103515625 0.380859375 0.5986328125 0.3779296875 0.595703125 0.3701171875 0.595703125
1 0.3583984375 0.4140625 0.3427734375 0.4140625 0.337890625 0.4169921875 0.3359375 0.4228515625 0.333984375 0.4658203125 0.3388671875 0.47265625 0.353515625 0.4716796875 0.365234375 0.4599609375 0.3671875 0.4306640625 0.36328125 0.4189453125 0.3583984375 0.4140625
1 0.5126953125 0.337890625 0.505859375 0.3466796875 0.505859375 0.3662109375 0.5087890625 0.369140625 0.525390625 0.3681640625 0.529296875 0.3642578125 0.525390625 0.3408203125 0.5224609375 0.337890625 0.5126953125 0.337890625
1 0.4267578125 0.33203125 0.423828125 0.3349609375 0.423828125 0.3525390625 0.4306640625 0.357421875 0.43359375 0.3564453125 0.439453125 0.3505859375 0.439453125 0.3369140625 0.4365234375 0.33203125 0.4267578125 0.33203125
1 0.4326171875 0.330078125 0.4169921875 0.330078125 0.4072265625 0.333984375 0.40234375 0.3466796875 0.404296875 0.3603515625 0.4072265625 0.36328125 0.431640625 0.3623046875 0.4375 0.3544921875 0.4375 0.3369140625 0.435546875 0.3330078125 0.4326171875 0.330078125
1 0.3408203125 0.328125 0.337890625 0.3310546875 0.337890625 0.3564453125 0.3359375 0.3623046875 0.337890625 0.3642578125 0.337890625 0.3779296875 0.3408203125 0.380859375 0.34375 0.3798828125 0.357421875 0.3623046875 0.353515625 0.3349609375 0.3486328125 0.328125 0.3408203125 0.328125
1 0.5517578125 0.3671875 0.5439453125 0.3671875 0.541015625 0.3701171875 0.541015625 0.4033203125 0.54296875 0.4111328125 0.5478515625 0.416015625 0.55078125 0.4150390625 0.556640625 0.4072265625 0.55859375 0.3798828125 0.556640625 0.3720703125 0.5517578125 0.3671875
1 0.421875 0.2392578125 0.419921875 0.2373046875 0.421875 0.2314453125 0.416015625 0.2255859375 0.416015625 0.2080078125 0.4140625 0.2041015625 0.4111328125 0.201171875 0.3994140625 0.201171875 0.388671875 0.2119140625 0.388671875 0.2568359375 0.3994140625 0.265625 0.40625 0.2666015625 0.41796875 0.2568359375 0.419921875 0.2509765625 0.41796875 0.2431640625 0.421875 0.2392578125
1 0.423828125 0.1044921875 0.4140625 0.0849609375 0.412109375 0.0751953125 0.4052734375 0.07421875 0.3994140625 0.076171875 0.3935546875 0.083984375 0.3876953125 0.080078125 0.3828125 0.0869140625 0.380859375 0.0927734375 0.380859375 0.1240234375 0.3828125 0.1279296875 0.380859375 0.1298828125 0.3876953125 0.1484375 0.3974609375 0.150390625 0.4013671875 0.154296875 0.41015625 0.1533203125 0.41796875 0.1455078125 0.419921875 0.1357421875 0.423828125 0.1298828125 0.423828125 0.1044921875
1 0.3740234375 0 0.373046875 0.0283203125 0.3896484375 0.0390625 0.3994140625 0.037109375 0.404296875 0.0400390625 0.4052734375 0.044921875 0.412109375 0.0439453125 0.423828125 0.0380859375 0.427734375 0.0283203125 0.4296875 0.0009765625 0.3740234375 0
1 0.375 0.2958984375 0.37890625 0.2900390625 0.37890625 0.2841796875 0.373046875 0.2626953125 0.3681640625 0.263671875 0.3583984375 0.259765625 0.3515625 0.2724609375 0.3515625 0.2919921875 0.353515625 0.2939453125 0.353515625 0.3134765625 0.35546875 0.3154296875 0.353515625 0.3173828125 0.3583984375 0.3203125 0.361328125 0.3193359375 0.369140625 0.3154296875 0.37109375 0.3076171875 0.376953125 0.3017578125 0.375 0.2958984375