1 0.82578125 0.06328125 0.04375 0.09375
1 0.70078125 0.0203125 0.0546875 0.040625
1 0.66328125 0.06328125 0.065625 0.078125
1 0.74453125 0.1328125 0.065625 0.09375
1 0.55703125 0.0390625 0.059375 0.078125
1 0.4078125 0.0921875 0.0875 0.103125
1 0.45078125 0.31328125 0.109375 0.128125
1 0.66015625 0.40546875 0.0921875 0.08125
1 0.7171875 0.51875 0.04375 0.06875
1 0.85625 0.52890625 0.0703125 0.0984375
1 0.5515625 0.5125 0.059375 0.115625
1 0.6140625 0.4734375 0.04375 0.053125
1 0.28828125 0.2890625 0.04375 0.128125
1 0.36171875 0.60078125 0.08125 0.11875
1 0.71171875 0.6703125 0.04375 0.078125
1 0.61953125 0.76875 0.065625 0.103125
1 0.48359375 0.74609375 0.0546875 0.065625
1 0.72265625 0.8546875 0.065625 0.1109375
1 0.47265625 0.9078125 0.0875 0.09375