1 0.440625 0.659375 0.1109375 0.2296875
1 0.30703125 0.58125 0.059375 0.134375
1 0.28671875 0.6796875 0.0484375 0.115625
1 0.2796875 0.36484375 0.0484375 0.159375
1 0.81640625 0.77578125 0.1 0.21875
1 0.96640625 0.67578125 0.065625 0.2046875
1 0.940625 0.46328125 0.11875 0.1625
1 0.58359375 0.0984375 0.09375 0.1515625
1 0.5515625 0.26640625 0.0515625 0.08125
1 0.428125 0.23359375 0.040625 0.065625
1 0.6609375 0.93125 0.09375 0.1
1 0.57421875 0.878125 0.0375 0.0453125
1 0.371875 0.22578125 0.0703125 0.0890625
1 0.209375 0.09609375 0.084375 0.08125