1 0.109375 0.4990234375 0.1005859375 0.4921875 0.0869140625 0.490234375 0.0654296875 0.5 0.05859375 0.5068359375 0.060546875 0.5185546875 0.0634765625 0.521484375 0.078125 0.5224609375 0.0966796875 0.521484375 0.1044921875 0.517578125 0.109375 0.5107421875 0.109375 0.4990234375
1 0.1748046875 0.486328125 0.1640625 0.4912109375 0.1640625 0.5009765625 0.1669921875 0.50390625 0.1728515625 0.505859375 0.203125 0.5048828125 0.2109375 0.5009765625 0.2109375 0.4892578125 0.2060546875 0.486328125 0.1748046875 0.486328125
1 0.1611328125 0.427734375 0.1591796875 0.4296875 0.1259765625 0.4296875 0.12109375 0.4345703125 0.12109375 0.4443359375 0.1240234375 0.451171875 0.16796875 0.4501953125 0.171875 0.4462890625 0.171875 0.4384765625 0.169921875 0.4326171875 0.1611328125 0.427734375
1 0.1162109375 0.3984375 0.0927734375 0.400390625 0.0859375 0.4052734375 0.080078125 0.4150390625 0.0830078125 0.421875 0.0927734375 0.42578125 0.115234375 0.4248046875 0.1201171875 0.423828125 0.123046875 0.4169921875 0.123046875 0.4052734375 0.1162109375 0.3984375
1 0.1982421875 0.544921875 0.1865234375 0.541015625 0.1748046875 0.541015625 0.162109375 0.5458984375 0.16015625 0.5498046875 0.1611328125 0.55859375 0.1669921875 0.560546875 0.18359375 0.5595703125 0.2001953125 0.55859375 0.203125 0.5556640625 0.203125 0.5498046875 0.1982421875 0.544921875
1 0.2470703125 0.52734375 0.2333984375 0.525390625 0.2158203125 0.529296875 0.212890625 0.5322265625 0.212890625 0.5419921875 0.2177734375 0.546875 0.236328125 0.5458984375 0.2470703125 0.544921875 0.251953125 0.5419921875 0.25390625 0.5341796875 0.2470703125 0.52734375
1 0.24609375 0.5146484375 0.2529296875 0.525390625 0.275390625 0.5244140625 0.279296875 0.5126953125 0.2744140625 0.505859375 0.2509765625 0.509765625 0.24609375 0.5146484375
1 0.3251953125 0.3984375 0.3193359375 0.396484375 0.3037109375 0.396484375 0.3017578125 0.3984375 0.2763671875 0.396484375 0.271484375 0.3994140625 0.271484375 0.4208984375 0.2744140625 0.423828125 0.310546875 0.4228515625 0.3232421875 0.41796875 0.328125 0.4130859375 0.328125 0.4013671875 0.3251953125 0.3984375
1 0.2734375 0.4384765625 0.2734375 0.4521484375 0.2783203125 0.458984375 0.2880859375 0.458984375 0.2900390625 0.4609375 0.30859375 0.4599609375 0.3125 0.4462890625 0.3076171875 0.4375 0.2919921875 0.43359375 0.2734375 0.4384765625
1 0.3173828125 0.4453125 0.306640625 0.4541015625 0.306640625 0.4580078125 0.3115234375 0.462890625 0.345703125 0.4619140625 0.34765625 0.4599609375 0.34765625 0.4501953125 0.3427734375 0.4453125 0.3173828125 0.4453125
1 0.4833984375 0.38671875 0.4765625 0.3935546875 0.4814453125 0.400390625 0.505859375 0.3994140625 0.513671875 0.3955078125 0.513671875 0.3896484375 0.5107421875 0.38671875 0.4833984375 0.38671875
1 0.4775390625 0.462890625 0.4462890625 0.462890625 0.4443359375 0.46484375 0.423828125 0.4658203125 0.423828125 0.4814453125 0.4287109375 0.484375 0.46484375 0.4833984375 0.4833984375 0.48046875 0.4921875 0.4736328125 0.4921875 0.4697265625 0.4775390625 0.462890625
1 0.515625 0.4228515625 0.517578125 0.4326171875 0.5224609375 0.435546875 0.5302734375 0.4375 0.5322265625 0.435546875 0.5546875 0.4365234375 0.5703125 0.4345703125 0.5693359375 0.41796875 0.5302734375 0.41796875 0.515625 0.4228515625
1 0.6220703125 0.509765625 0.5947265625 0.509765625 0.5927734375 0.51171875 0.5810546875 0.51171875 0.57421875 0.5166015625 0.572265625 0.5322265625 0.5771484375 0.5390625 0.60546875 0.5380859375 0.6259765625 0.533203125 0.630859375 0.5244140625 0.630859375 0.5146484375 0.6220703125 0.509765625
1 0.5244140625 0.390625 0.51953125 0.3955078125 0.51953125 0.4013671875 0.5244140625 0.40625 0.5390625 0.4052734375 0.544921875 0.4013671875 0.544921875 0.3955078125 0.5400390625 0.388671875 0.5244140625 0.390625
1 0.6787109375 0.466796875 0.6748046875 0.46484375 0.6533203125 0.46484375 0.6484375 0.4677734375 0.6484375 0.4814453125 0.6513671875 0.484375 0.67578125 0.4833984375 0.6826171875 0.482421875 0.685546875 0.4794921875 0.68359375 0.4716796875 0.6787109375 0.466796875
1 0.6728515625 0.3671875 0.66796875 0.3720703125 0.6748046875 0.380859375 0.6845703125 0.384765625 0.72265625 0.3837890625 0.736328125 0.3798828125 0.73828125 0.3701171875 0.7353515625 0.3671875 0.6728515625 0.3671875
1 0.794921875 0.4091796875 0.7998046875 0.419921875 0.830078125 0.4189453125 0.828125 0.4072265625 0.8193359375 0.40234375 0.7998046875 0.40234375 0.794921875 0.4091796875
1 0.796875 0.4169921875 0.796875 0.4287109375 0.7998046875 0.431640625 0.826171875 0.4306640625 0.837890625 0.4248046875 0.8271484375 0.4140625 0.7998046875 0.4140625 0.796875 0.4169921875
1 0.8271484375 0.478515625 0.7998046875 0.478515625 0.794921875 0.4814453125 0.794921875 0.4931640625 0.8017578125 0.5 0.8046875 0.4990234375 0.8291015625 0.49609375 0.8369140625 0.4921875 0.837890625 0.4873046875 0.8271484375 0.478515625
1 0.775390625 0.3642578125 0.7763671875 0.3671875 0.7900390625 0.373046875 0.80078125 0.3720703125 0.8291015625 0.3671875 0.830078125 0.3623046875 0.7822265625 0.361328125 0.775390625 0.3642578125
1 0.8740234375 0.369140625 0.8564453125 0.37109375 0.853515625 0.3740234375 0.853515625 0.3779296875 0.8583984375 0.380859375 0.8671875 0.3798828125 0.8720703125 0.376953125 0.8818359375 0.376953125 0.8828125 0.3740234375 0.8740234375 0.369140625
1 0.9609375 0.4052734375 0.9619140625 0.384765625 0.9208984375 0.3828125 0.9072265625 0.38671875 0.8984375 0.3955078125 0.8984375 0.4033203125 0.9091796875 0.41796875 0.9189453125 0.421875 0.927734375 0.4208984375 0.9423828125 0.419921875 0.9482421875 0.40625 0.9521484375 0.408203125 0.9609375 0.4052734375
1 0.7744140625 0.50390625 0.7548828125 0.5078125 0.7529296875 0.505859375 0.7509765625 0.5078125 0.7373046875 0.505859375 0.7314453125 0.5078125 0.732421875 0.5029296875 0.7265625 0.5029296875 0.7265625 0.5224609375 0.7314453125 0.533203125 0.779296875 0.5322265625 0.7978515625 0.53125 0.80078125 0.5283203125 0.7998046875 0.50390625 0.7744140625 0.50390625