1 0.70625 0.6640625 0.265625 0.1609375
1 0.65390625 0.72578125 0.0625 0.0375
1 0.7765625 0.37578125 0.0765625 0.0734375
1 0.546875 0.21171875 0.1015625 0.0734375
1 0.68359375 0.1015625 0.065625 0.0421875
1 0.3546875 0.4703125 0.115625 0.109375
1 0.35859375 0.27109375 0.1375 0.1015625
1 0.19609375 0.1015625 0.0765625 0.05
1 0.028125 0.146875 0.05625 0.05
1 0.075 0.00703125 0.115625 0.0140625
1 0.9296875 0.77109375 0.096875 0.053125
1 0.63828125 0.9703125 0.109375 0.059375
1 0.02265625 0.6296875 0.0453125 0.05625
1 0.28671875 0.6203125 0.034375 0.03125
1 0.47890625 0.71015625 0.05625 0.0421875
1 0.37578125 0.778125 0.065625 0.0453125
1 0.62578125 0.4875 0.2796875 0.178125