1 0.28359375 0.3265625 0.253125 0.153125
1 0.33359375 0.26796875 0.06015625 0.03671875
1 0.21640625 0.6015625 0.0734375 0.0703125
1 0.43515625 0.75859375 0.096875 0.0703125
1 0.3046875 0.86328125 0.06328125 0.03984375
1 0.61796875 0.51171875 0.11015625 0.103125
1 0.61484375 0.7015625 0.1296875 0.096875
1 0.7703125 0.86328125 0.0734375 0.046875
1 0.93984375 0.8203125 0.0734375 0.046875
1 0.88515625 0.971875 0.11015625 0.05
1 0.0703125 0.225 0.09296875 0.05
1 0.3484375 0.03359375 0.103125 0.06015625
1 0.94296875 0.36015625 0.06015625 0.053125
1 0.68359375 0.36796875 0.03359375 0.0296875
1 0.5 0.28359375 0.053125 0.03984375
1 0.5984375 0.21796875 0.06328125 0.04296875
1 0.36015625 0.4953125 0.26640625 0.1703125