1 0.68984375 0.4359375 0.275 0.09375
1 0.6984375 0.57421875 0.30625 0.1
1 0.746875 0.184375 0.2515625 0.0796875
1 0.6515625 0.934375 0.2828125 0.075
1 0.4859375 0.796875 0.25625 0.090625
1 0.35859375 0.69296875 0.1171875 0.05625
1 0.2515625 0.67265625 0.171875 0.075
1 0.303125 0.31015625 0.275 0.096875
1 0.27578125 0.26171875 0.165625 0.0828125
1 0.1296875 0.24296875 0.1625 0.0859375
1 0.546875 0.1515625 0.209375 0.075
1 0.53828125 0.0984375 0.20625 0.0515625
1 0.6890625 0.01171875 0.1625 0.0234375
1 0.94140625 0.74140625 0.075 0.034375
1 0.25546875 0.9640625 0.096875 0.04375
1 0.246875 0.80703125 0.0859375 0.0484375
1 0.98828125 0.9109375 0.0234375 0.065625