1 0.83203125 0.76953125 0.0625 0.071875
1 0.5078125 0.8125 0.0734375 0.065625
1 0.81875 0.46875 0.09375 0.05625
1 0.73203125 0.32578125 0.1 0.0625
1 0.56953125 0.23515625 0.1421875 0.0734375
1 0.46171875 0.34765625 0.1625 0.096875
1 0.36484375 0.42421875 0.0921875 0.075
1 0.05625 0.39453125 0.065625 0.075
1 0.6515625 0.6921875 0.103125 0.040625
1 0.3734375 0.65 0.1 0.0734375
1 0.23359375 0.19140625 0.0875 0.0421875
1 0.2484375 0.71015625 0.046875 0.040625
1 0.55078125 0.7625 0.04375 0.025
1 0.6703125 0.84765625 0.0703125 0.021875
1 0.15703125 0.62109375 0.0671875 0.021875
1 0.6921875 0.15703125 0.0734375 0.028125
1 0.95234375 0.27890625 0.071875 0.034375