1 0.7875 0.4921875 0.090625 0.0546875
1 0.6328125 0.53203125 0.09375 0.065625
1 0.3921875 0.4453125 0.084375 0.0546875
1 0.4796875 0.61953125 0.0875 0.0609375
1 0.815625 0.6265625 0.034375 0.05625
1 0.18046875 0.5140625 0.1375 0.078125
1 0.084375 0.48046875 0.071875 0.065625
1 0.14375 0.6453125 0.075 0.0609375
1 0.05859375 0.60703125 0.0953125 0.05
1 0.37109375 0.63203125 0.071875 0.065625
1 0.32421875 0.6671875 0.059375 0.034375
1 0.284375 0.6421875 0.04375 0.0421875
1 0.29921875 0.703125 0.065625 0.028125
1 0.8671875 0.4734375 0.053125 0.059375
1 0.6984375 0.6421875 0.0578125 0.065625
1 0.66015625 0.7140625 0.059375 0.034375
1 0.64296875 0.74140625 0.140625 0.015625
1 0.8828125 0.68984375 0.046875 0.03125
1 0.9921875 0.53515625 0.015625 0.0421875
1 0.95234375 0.65625 0.0640625 0.0390625
1 0.95546875 0.7203125 0.0390625 0.034375
1 0.99140625 0.75625 0.0171875 0.0125
1 0.50859375 0.68125 0.075 0.05
1 0.44765625 0.69375 0.0625 0.0421875
1 0.01328125 0.34921875 0.0265625 0.0375