1 0.4 0.5796875 0.20703125 0.1
1 0.4703125 0.7 0.1203125 0.053125
1 0.38203125 0.71796875 0.103125 0.04296875
1 0.66484375 0.725 0.14296875 0.04296875
1 0.2953125 0.24140625 0.196875 0.08984375
1 0.38515625 0.1046875 0.18359375 0.06328125
1 0.5765625 0.125 0.146875 0.11640625
1 0.9046875 0.4515625 0.13671875 0.08359375
1 0.753125 0.4796875 0.0734375 0.046875
1 0.78359375 0.59140625 0.06015625 0.03671875
1 0.1546875 0.38203125 0.08984375 0.08359375
1 0.203125 0.46015625 0.03984375 0.03359375
1 0.78984375 0.64140625 0.0796875 0.06328125
1 0.90703125 0.78828125 0.0734375 0.0765625