1 0.4443359375 0.859375 0.4375 0.8759765625 0.4375 0.8935546875 0.4404296875 0.8984375 0.443359375 0.8974609375 0.447265625 0.8935546875 0.44921875 0.8857421875 0.44921875 0.8642578125 0.4443359375 0.859375
1 0.462890625 0.7763671875 0.458984375 0.7841796875 0.455078125 0.8037109375 0.455078125 0.8427734375 0.458984375 0.8427734375 0.466796875 0.8193359375 0.46875 0.7822265625 0.4658203125 0.775390625 0.462890625 0.7763671875
1 0.5078125 0.9248046875 0.5107421875 0.931640625 0.515625 0.9306640625 0.517578125 0.9248046875 0.5166015625 0.8984375 0.513671875 0.8994140625 0.5078125 0.9248046875
1 0.513671875 0.7802734375 0.5107421875 0.77734375 0.505859375 0.7841796875 0.50390625 0.8193359375 0.498046875 0.8466796875 0.498046875 0.8564453125 0.5009765625 0.859375 0.505859375 0.8583984375 0.509765625 0.8427734375 0.51171875 0.8115234375 0.513671875 0.8095703125 0.513671875 0.7802734375
1 0.474609375 0.8115234375 0.470703125 0.8193359375 0.470703125 0.8349609375 0.474609375 0.8369140625 0.48046875 0.8271484375 0.4814453125 0.802734375 0.474609375 0.8056640625 0.474609375 0.8115234375
1 0.533203125 0.7021484375 0.5302734375 0.69921875 0.525390625 0.7001953125 0.521484375 0.7138671875 0.521484375 0.7333984375 0.5244140625 0.736328125 0.52734375 0.7353515625 0.53125 0.7275390625 0.53125 0.7138671875 0.533203125 0.7119140625 0.533203125 0.7021484375
1 0.46875 0.6884765625 0.46875 0.7119140625 0.474609375 0.7119140625 0.478515625 0.6982421875 0.478515625 0.6845703125 0.4755859375 0.681640625 0.46875 0.6884765625
1 0.51171875 0.6123046875 0.5087890625 0.6015625 0.5029296875 0.6015625 0.49609375 0.6142578125 0.490234375 0.6435546875 0.490234375 0.6689453125 0.4951171875 0.67578125 0.498046875 0.6748046875 0.50390625 0.6650390625 0.5078125 0.6474609375 0.509765625 0.6142578125 0.51171875 0.6123046875
1 0.501953125 0.5361328125 0.5009765625 0.515625 0.4951171875 0.515625 0.4921875 0.5205078125 0.490234375 0.5361328125 0.486328125 0.5458984375 0.482421875 0.5849609375 0.4853515625 0.58984375 0.490234375 0.5888671875 0.494140625 0.5849609375 0.49609375 0.5771484375 0.498046875 0.5498046875 0.501953125 0.5361328125
1 0.591796875 0.5107421875 0.5869140625 0.509765625 0.5810546875 0.5 0.5751953125 0.5 0.56640625 0.5107421875 0.568359375 0.5166015625 0.564453125 0.5244140625 0.56640625 0.5263671875 0.56640625 0.5419921875 0.5693359375 0.544921875 0.57421875 0.5439453125 0.5830078125 0.53515625 0.5869140625 0.5390625 0.58984375 0.5302734375 0.591796875 0.5107421875
1 0.5546875 0.4873046875 0.552734375 0.4892578125 0.552734375 0.5087890625 0.5556640625 0.51171875 0.55859375 0.5107421875 0.5625 0.5048828125 0.5634765625 0.447265625 0.55859375 0.4501953125 0.5546875 0.4873046875
1 0.5166015625 0.349609375 0.51171875 0.3525390625 0.509765625 0.3583984375 0.501953125 0.3994140625 0.50390625 0.4130859375 0.509765625 0.4169921875 0.513671875 0.4130859375 0.517578125 0.3974609375 0.51953125 0.3564453125 0.5166015625 0.349609375
1 0.5888671875 0.4296875 0.583984375 0.4326171875 0.580078125 0.4443359375 0.580078125 0.4755859375 0.5830078125 0.478515625 0.5859375 0.4775390625 0.58984375 0.4736328125 0.591796875 0.4658203125 0.591796875 0.4326171875 0.5888671875 0.4296875
1 0.583984375 0.3486328125 0.5791015625 0.34375 0.57421875 0.3505859375 0.57421875 0.3623046875 0.572265625 0.3642578125 0.572265625 0.3876953125 0.5751953125 0.390625 0.578125 0.3896484375 0.58203125 0.3857421875 0.58203125 0.3759765625 0.583984375 0.3740234375 0.583984375 0.3486328125
1 0.576171875 0.1552734375 0.5712890625 0.150390625 0.56640625 0.1513671875 0.5625 0.1630859375 0.5625 0.2060546875 0.5654296875 0.208984375 0.568359375 0.2080078125 0.57421875 0.1962890625 0.57421875 0.1669921875 0.576171875 0.1650390625 0.576171875 0.1552734375
1 0.5859375 0.2705078125 0.583984375 0.2802734375 0.5859375 0.2822265625 0.5859375 0.2939453125 0.5888671875 0.296875 0.595703125 0.2958984375 0.599609375 0.2919921875 0.6015625 0.2724609375 0.5947265625 0.263671875 0.5859375 0.2705078125
1 0.6142578125 0.27734375 0.609375 0.2861328125 0.609375 0.3251953125 0.61328125 0.3271484375 0.615234375 0.3017578125 0.6171875 0.2998046875 0.6171875 0.2802734375 0.6142578125 0.27734375
1 0.60546875 0.3134765625 0.5986328125 0.310546875 0.59375 0.3173828125 0.59375 0.3408203125 0.5966796875 0.34375 0.6015625 0.3427734375 0.60546875 0.3369140625 0.60546875 0.3212890625 0.607421875 0.3193359375 0.60546875 0.3134765625
1 0.623046875 0.1259765625 0.623046875 0.1123046875 0.6201171875 0.109375 0.6171875 0.1103515625 0.611328125 0.1220703125 0.61328125 0.1259765625 0.611328125 0.1279296875 0.611328125 0.1474609375 0.6171875 0.1533203125 0.623046875 0.1455078125 0.62109375 0.1435546875 0.625 0.1279296875 0.623046875 0.1259765625
1 0.57421875 0.0498046875 0.5703125 0.0615234375 0.568359375 0.0888671875 0.56640625 0.0908203125 0.56640625 0.1064453125 0.5703125 0.1083984375 0.57421875 0.1025390625 0.578125 0.0849609375 0.5791015625 0.046875 0.57421875 0.0498046875
1 0.630859375 0.0439453125 0.62890625 0.0380859375 0.6220703125 0.033203125 0.6171875 0.0439453125 0.619140625 0.0478515625 0.6171875 0.0517578125 0.6171875 0.0751953125 0.6201171875 0.078125 0.625 0.0771484375 0.630859375 0.0673828125 0.630859375 0.0556640625 0.62890625 0.0537109375 0.630859375 0.0439453125
1 0.6005859375 0.1328125 0.5947265625 0.1328125 0.587890625 0.1474609375 0.58984375 0.1552734375 0.587890625 0.1669921875 0.5908203125 0.166015625 0.5947265625 0.169921875 0.599609375 0.1689453125 0.603515625 0.1650390625 0.607421875 0.1455078125 0.60546875 0.1376953125 0.6005859375 0.1328125