1 0.4892578125 0.9375 0.484375 0.9384765625 0.474609375 0.9814453125 0.47265625 0.9990234375 0.48046875 0.9990234375 0.490234375 0.9560546875 0.490234375 0.9423828125 0.4921875 0.9404296875 0.4892578125 0.9375
1 0.51953125 0.8662109375 0.521484375 0.8369140625 0.5234375 0.8349609375 0.5205078125 0.8203125 0.515625 0.8291015625 0.515625 0.8388671875 0.5078125 0.8583984375 0.5 0.8955078125 0.49609375 0.9326171875 0.501953125 0.9365234375 0.505859375 0.9306640625 0.51171875 0.9052734375 0.513671875 0.8818359375 0.51953125 0.8662109375
1 0.55078125 0.9130859375 0.544921875 0.9287109375 0.541015625 0.9462890625 0.541015625 0.9580078125 0.544921875 0.9580078125 0.552734375 0.9462890625 0.55859375 0.9169921875 0.5576171875 0.91015625 0.55078125 0.9130859375
1 0.5693359375 0.7734375 0.564453125 0.7861328125 0.564453125 0.7939453125 0.5693359375 0.802734375 0.576171875 0.8017578125 0.576171875 0.7958984375 0.580078125 0.7880859375 0.580078125 0.7763671875 0.5693359375 0.7734375
1 0.58984375 0.6943359375 0.591796875 0.6923828125 0.5888671875 0.68359375 0.583984375 0.6845703125 0.58203125 0.6943359375 0.578125 0.6982421875 0.572265625 0.7158203125 0.5703125 0.7392578125 0.57421875 0.7412109375 0.578125 0.7392578125 0.578125 0.7353515625 0.587890625 0.7177734375 0.58984375 0.6943359375
1 0.5205078125 0.640625 0.515625 0.6455078125 0.505859375 0.6826171875 0.50390625 0.7001953125 0.505859375 0.7080078125 0.51171875 0.7080078125 0.517578125 0.6962890625 0.525390625 0.6650390625 0.525390625 0.6455078125 0.5205078125 0.640625
1 0.6015625 0.7431640625 0.5947265625 0.740234375 0.587890625 0.7490234375 0.5859375 0.7646484375 0.5888671875 0.771484375 0.5986328125 0.77734375 0.6015625 0.7763671875 0.607421875 0.7587890625 0.607421875 0.7509765625 0.6044921875 0.751953125 0.6015625 0.7431640625
1 0.60546875 0.5986328125 0.6064453125 0.5703125 0.599609375 0.5732421875 0.591796875 0.5927734375 0.591796875 0.6064453125 0.587890625 0.6181640625 0.587890625 0.6416015625 0.58984375 0.6416015625 0.58984375 0.6357421875 0.59765625 0.6279296875 0.6015625 0.6064453125 0.60546875 0.5986328125
1 0.638671875 0.6123046875 0.6376953125 0.607421875 0.6181640625 0.609375 0.611328125 0.6201171875 0.61328125 0.6298828125 0.607421875 0.6337890625 0.611328125 0.6376953125 0.607421875 0.6435546875 0.607421875 0.6552734375 0.6123046875 0.662109375 0.615234375 0.6611328125 0.6240234375 0.650390625 0.6259765625 0.65625 0.630859375 0.6513671875 0.638671875 0.6123046875
1 0.634765625 0.5595703125 0.634765625 0.5380859375 0.6298828125 0.533203125 0.6171875 0.5419921875 0.6171875 0.5498046875 0.611328125 0.5595703125 0.61328125 0.5654296875 0.609375 0.5693359375 0.609375 0.5771484375 0.61328125 0.5791015625 0.611328125 0.5830078125 0.611328125 0.5927734375 0.61328125 0.5947265625 0.611328125 0.6025390625 0.615234375 0.6044921875 0.615234375 0.6142578125 0.62109375 0.6142578125 0.623046875 0.6044921875 0.62890625 0.6005859375 0.626953125 0.5927734375 0.634765625 0.5595703125
1 0.5947265625 0.40625 0.5888671875 0.40625 0.5859375 0.4091796875 0.578125 0.4248046875 0.572265625 0.4501953125 0.572265625 0.4619140625 0.5703125 0.4638671875 0.572265625 0.4833984375 0.57421875 0.4931640625 0.580078125 0.4931640625 0.587890625 0.4736328125 0.595703125 0.4365234375 0.59765625 0.4111328125 0.5947265625 0.40625
1 0.546875 0.4931640625 0.5390625 0.5439453125 0.537109375 0.5458984375 0.537109375 0.5537109375 0.5400390625 0.556640625 0.546875 0.5556640625 0.55859375 0.5009765625 0.55859375 0.4931640625 0.5537109375 0.482421875 0.546875 0.4931640625
1 0.54296875 0.5947265625 0.54296875 0.6220703125 0.5498046875 0.626953125 0.552734375 0.6259765625 0.5546875 0.5869140625 0.5498046875 0.583984375 0.544921875 0.5869140625 0.54296875 0.5947265625
1 0.5400390625 0.712890625 0.533203125 0.7158203125 0.53125 0.7353515625 0.529296875 0.7373046875 0.53125 0.7451171875 0.537109375 0.7451171875 0.541015625 0.7392578125 0.54296875 0.7294921875 0.54296875 0.7158203125 0.5400390625 0.712890625
1 0.6455078125 0.35546875 0.63671875 0.3642578125 0.630859375 0.3837890625 0.62890625 0.3994140625 0.630859375 0.4072265625 0.63671875 0.4072265625 0.642578125 0.3974609375 0.642578125 0.3876953125 0.646484375 0.3759765625 0.6455078125 0.35546875
1 0.599609375 0.2470703125 0.58984375 0.2880859375 0.58984375 0.3056640625 0.5927734375 0.30859375 0.595703125 0.3076171875 0.60546875 0.2783203125 0.607421875 0.2470703125 0.6044921875 0.244140625 0.599609375 0.2470703125
1 0.64453125 0.0576171875 0.642578125 0.0712890625 0.64453125 0.0732421875 0.64453125 0.0830078125 0.6484375 0.0849609375 0.658203125 0.0595703125 0.6572265625 0.046875 0.6494140625 0.046875 0.64453125 0.0576171875
1 0.6025390625 0.1796875 0.595703125 0.1865234375 0.59375 0.1943359375 0.59375 0.2333984375 0.5966796875 0.236328125 0.599609375 0.2353515625 0.607421875 0.2177734375 0.609375 0.1865234375 0.6064453125 0.1796875 0.6025390625 0.1796875
1 0.68359375 0.2001953125 0.681640625 0.2236328125 0.6845703125 0.2265625 0.6875 0.2255859375 0.6953125 0.1982421875 0.6923828125 0.19140625 0.6865234375 0.193359375 0.68359375 0.2001953125
1 0.66015625 0.2666015625 0.6591796875 0.251953125 0.6533203125 0.251953125 0.6484375 0.2626953125 0.646484375 0.2861328125 0.63671875 0.3193359375 0.63671875 0.3349609375 0.640625 0.3349609375 0.646484375 0.3271484375 0.650390625 0.3154296875 0.654296875 0.2861328125 0.66015625 0.2666015625
1 0.6943359375 0.10546875 0.6884765625 0.10546875 0.685546875 0.1142578125 0.685546875 0.1435546875 0.68359375 0.1455078125 0.689453125 0.1494140625 0.6953125 0.1435546875 0.6953125 0.1181640625 0.697265625 0.1162109375 0.6943359375 0.10546875
1 0.650390625 0.1611328125 0.6484375 0.1650390625 0.650390625 0.1767578125 0.6484375 0.1787109375 0.6533203125 0.1875 0.6640625 0.1865234375 0.66796875 0.1806640625 0.66796875 0.1611328125 0.6611328125 0.154296875 0.650390625 0.1611328125
1 0.609375 0.4267578125 0.609375 0.4423828125 0.61328125 0.4423828125 0.6171875 0.4326171875 0.6171875 0.4267578125 0.6142578125 0.423828125 0.609375 0.4267578125
1 0.623046875 0.2509765625 0.6181640625 0.248046875 0.615234375 0.2666015625 0.611328125 0.2724609375 0.611328125 0.2919921875 0.6142578125 0.294921875 0.6171875 0.2939453125 0.62109375 0.2861328125 0.62109375 0.2744140625 0.623046875 0.2724609375 0.623046875 0.2509765625
1 0.705078125 0.1220703125 0.705078125 0.1474609375 0.7080078125 0.150390625 0.712890625 0.1494140625 0.716796875 0.1298828125 0.71484375 0.1220703125 0.7099609375 0.119140625 0.705078125 0.1220703125
1 0.65625 0.3212890625 0.658203125 0.3291015625 0.65625 0.3388671875 0.6591796875 0.341796875 0.6640625 0.3408203125 0.66796875 0.3232421875 0.6650390625 0.318359375 0.6591796875 0.318359375 0.65625 0.3212890625