1 0.1826171875 0.400390625 0.1669921875 0.404296875 0.1552734375 0.412109375 0.1376953125 0.4140625 0.1328125 0.4189453125 0.134765625 0.4248046875 0.1396484375 0.427734375 0.1669921875 0.42578125 0.1689453125 0.427734375 0.224609375 0.4287109375 0.228515625 0.4111328125 0.228515625 0.4033203125 0.2255859375 0.400390625 0.1826171875 0.400390625
1 0.1123046875 0.45703125 0.099609375 0.4638671875 0.1005859375 0.46875 0.1103515625 0.470703125 0.181640625 0.4697265625 0.189453125 0.4658203125 0.189453125 0.4599609375 0.1806640625 0.455078125 0.1123046875 0.45703125
1 0 0.4111328125 0.0009765625 0.423828125 0.05859375 0.4228515625 0.0673828125 0.421875 0.0703125 0.4150390625 0.0595703125 0.41015625 0 0.4111328125
1 0.1005859375 0.48828125 0.0908203125 0.486328125 0.0556640625 0.486328125 0.0537109375 0.484375 0.0517578125 0.486328125 0.0439453125 0.484375 0.0068359375 0.486328125 0.0048828125 0.484375 0 0.4873046875 0.0009765625 0.5 0.0546875 0.4990234375 0.0927734375 0.49609375 0.1025390625 0.494140625 0.103515625 0.4912109375 0.1005859375 0.48828125
1 0.3818359375 0.466796875 0.3681640625 0.466796875 0.3662109375 0.46484375 0.322265625 0.4658203125 0.3203125 0.4775390625 0.3232421875 0.484375 0.3349609375 0.484375 0.3369140625 0.48046875 0.349609375 0.4833984375 0.3818359375 0.48046875 0.38671875 0.4775390625 0.38671875 0.4716796875 0.3818359375 0.466796875
1 0.3115234375 0.396484375 0.2802734375 0.396484375 0.28125 0.3935546875 0.2763671875 0.392578125 0.2763671875 0.396484375 0.2490234375 0.396484375 0.2470703125 0.3984375 0.2373046875 0.3984375 0.234375 0.4013671875 0.234375 0.4052734375 0.2392578125 0.412109375 0.2490234375 0.412109375 0.2509765625 0.4140625 0.318359375 0.4130859375 0.3203125 0.4111328125 0.3203125 0.3994140625 0.3154296875 0.39453125 0.3115234375 0.396484375
1 0.3251953125 0.4921875 0.3193359375 0.494140625 0.2919921875 0.4921875 0.27734375 0.4951171875 0.279296875 0.4990234375 0.275390625 0.5107421875 0.2802734375 0.513671875 0.337890625 0.5126953125 0.341796875 0.5107421875 0.341796875 0.5048828125 0.3369140625 0.498046875 0.3251953125 0.4921875
1 0.439453125 0.4912109375 0.4482421875 0.501953125 0.4765625 0.5009765625 0.478515625 0.4931640625 0.4716796875 0.486328125 0.4580078125 0.486328125 0.439453125 0.4912109375
1 0.4560546875 0.423828125 0.4541015625 0.42578125 0.4482421875 0.423828125 0.4208984375 0.423828125 0.4091796875 0.419921875 0.3916015625 0.419921875 0.384765625 0.4306640625 0.384765625 0.4384765625 0.3876953125 0.44140625 0.431640625 0.4443359375 0.4580078125 0.443359375 0.46484375 0.4365234375 0.466796875 0.4306640625 0.4560546875 0.423828125
1 0.56640625 0.4013671875 0.5634765625 0.3984375 0.5517578125 0.3984375 0.5498046875 0.396484375 0.4169921875 0.39453125 0.4150390625 0.392578125 0.3857421875 0.39453125 0.380859375 0.3994140625 0.3857421875 0.404296875 0.3994140625 0.404296875 0.4267578125 0.41015625 0.4345703125 0.408203125 0.49609375 0.4091796875 0.5419921875 0.408203125 0.5439453125 0.40625 0.5654296875 0.404296875 0.56640625 0.4013671875
1 0.48828125 0.5068359375 0.4912109375 0.513671875 0.53125 0.5146484375 0.533203125 0.5009765625 0.5224609375 0.494140625 0.4931640625 0.5 0.48828125 0.5068359375
1 0.6123046875 0.470703125 0.5869140625 0.46875 0.572265625 0.4755859375 0.572265625 0.4833984375 0.5771484375 0.486328125 0.5849609375 0.484375 0.5947265625 0.484375 0.5966796875 0.486328125 0.6005859375 0.484375 0.623046875 0.4853515625 0.6298828125 0.484375 0.630859375 0.4814453125 0.6240234375 0.474609375 0.6123046875 0.470703125
1 0.6318359375 0.5 0.5771484375 0.5 0.57421875 0.5068359375 0.576171875 0.5146484375 0.5810546875 0.51953125 0.634765625 0.5205078125 0.64453125 0.5185546875 0.642578125 0.5009765625 0.6357421875 0.498046875 0.6318359375 0.5
1 0.7470703125 0.42578125 0.7041015625 0.42578125 0.7021484375 0.427734375 0.6826171875 0.42578125 0.671875 0.4326171875 0.6748046875 0.4375 0.6826171875 0.439453125 0.7177734375 0.439453125 0.7197265625 0.44140625 0.783203125 0.4404296875 0.78515625 0.4345703125 0.7822265625 0.431640625 0.7724609375 0.431640625 0.7470703125 0.42578125
1 0.8466796875 0.40234375 0.7705078125 0.400390625 0.7685546875 0.3984375 0.7265625 0.4013671875 0.732421875 0.4091796875 0.728515625 0.4130859375 0.7373046875 0.41796875 0.7509765625 0.41796875 0.7529296875 0.419921875 0.8359375 0.4189453125 0.84375 0.4150390625 0.845703125 0.4072265625 0.849609375 0.4052734375 0.8466796875 0.40234375
1 0.8037109375 0.48046875 0.8017578125 0.478515625 0.7958984375 0.48046875 0.7587890625 0.48046875 0.75 0.4833984375 0.75 0.4892578125 0.7587890625 0.494140625 0.7685546875 0.494140625 0.7705078125 0.49609375 0.80859375 0.4951171875 0.8330078125 0.490234375 0.8359375 0.4833984375 0.8330078125 0.48046875 0.8037109375 0.48046875
1 0.7900390625 0.498046875 0.787109375 0.5029296875 0.7900390625 0.5078125 0.8232421875 0.5078125 0.8251953125 0.509765625 0.880859375 0.5087890625 0.8857421875 0.5078125 0.88671875 0.5048828125 0.8779296875 0.498046875 0.7900390625 0.498046875
1 0.6943359375 0.505859375 0.689453125 0.5166015625 0.6904296875 0.5234375 0.740234375 0.5224609375 0.740234375 0.5166015625 0.7333984375 0.509765625 0.7158203125 0.505859375 0.6943359375 0.505859375