1 0.80859375 0.0515625 0.05 0.04296875
1 0.54140625 0.16015625 0.05 0.03359375
1 0.4015625 0.51796875 0.096875 0.096875
1 0.4484375 0.421875 0.04296875 0.03671875
1 0.36484375 0.4265625 0.05 0.046875
1 0.56015625 0.428125 0.053125 0.05
1 0.6484375 0.56640625 0.0703125 0.06640625
1 0.68515625 0.58203125 0.03671875 0.0296875
1 0.73515625 0.5703125 0.04296875 0.03359375
1 0.16328125 0.43359375 0.06015625 0.053125
1 0.81796875 0.278125 0.0765625 0.08359375
1 0.29140625 0.55703125 0.04296875 0.03984375
1 0.0546875 0.71796875 0.04296875 0.05
1 0.21796875 0.6515625 0.0765625 0.096875
1 0.375 0.63984375 0.05 0.06640625
1 0.546875 0.66015625 0.06015625 0.0734375
1 0.446875 0.73203125 0.053125 0.05
1 0.5796875 0.353125 0.03984375 0.03359375
1 0.63203125 0.346875 0.03671875 0.03359375
1 0.48828125 0.33828125 0.04296875 0.04296875
1 0.51015625 0.2703125 0.03984375 0.03984375
1 0.375 0.2546875 0.05 0.03671875
1 0.44140625 0.20703125 0.05 0.0265625
1 0.425 0.16015625 0.05 0.03984375
1 0.325 0.23203125 0.05 0.04296875
1 0.246875 0.1265625 0.06015625 0.03984375
1 0.7765625 0.103125 0.03984375 0.03359375
1 0.7453125 0.23203125 0.03671875 0.03671875
1 0.30859375 0.06328125 0.03671875 0.03359375
1 0.3046875 0.13515625 0.04296875 0.05
1 0.378125 0.1984375 0.0296875 0.0296875
1 0.66484375 0.18984375 0.0296875 0.03359375
1 0.8953125 0.23515625 0.03671875 0.04296875
1 0.79140625 0.39140625 0.03671875 0.03671875
1 0.91640625 0.303125 0.046875 0.053125
1 0.91796875 0.14296875 0.0765625 0.09296875
1 0.19140625 0.83359375 0.1703125 0.1203125
1 0.5203125 0.78828125 0.03984375 0.03671875
1 0.55 0.75859375 0.03359375 0.0296875
1 0.6296875 0.7296875 0.0265625 0.0265625
1 0.56796875 0.89296875 0.03671875 0.03359375
1 0.76015625 0.68671875 0.03984375 0.03984375
1 0.5734375 0.96171875 0.03984375 0.0296875
1 0.26640625 0.08515625 0.053125 0.05
1 0.2203125 0.5046875 0.03359375 0.0296875
1 0.246875 0.4796875 0.03359375 0.0265625
1 0.32890625 0.01640625 0.0328125 0.0328125
1 0.828125 0.11484375 0.04296875 0.05
1 0.86328125 0.1265625 0.0265625 0.0265625
1 0.43203125 0.83671875 0.0296875 0.0265625
1 0.7 0.2296875 0.053125 0.0796875
1 0.25703125 0.33984375 0.1203125 0.146875
1 0.59296875 0.7765625 0.03359375 0.0265625
1 0.41015625 0.90703125 0.03984375 0.03359375
1 0.46328125 0.8484375 0.03359375 0.0296875
1 0.14296875 0.96015625 0.06015625 0.053125
1 0.06796875 0.86328125 0.0296875 0.0265625
1 0.20703125 0.75 0.0203125 0.0203125
1 0.1765625 0.73359375 0.0203125 0.0203125
1 0.1265625 0.75 0.0203125 0.0203125
1 0.11171875 0.54296875 0.08984375 0.0796875
1 0.4703125 0.68515625 0.03984375 0.0296875
1 0.10703125 0.6296875 0.06015625 0.06015625
1 0.4703125 0.903125 0.1 0.11328125
1 0.41640625 0.3 0.08671875 0.09296875
1 0.75859375 0.19296875 0.0234375 0.0265625
1 0.64296875 0.125 0.03359375 0.0296875
1 0.81484375 0.421875 0.04296875 0.0703125
1 0.56171875 0.5546875 0.0296875 0.03671875
1 0.58671875 0.8203125 0.053125 0.053125
1 0.603125 0.9046875 0.046875 0.04296875
1 0.1765625 0.303125 0.03984375 0.053125
1 0.203125 0.31484375 0.0265625 0.0234375
1 0.28671875 0.9015625 0.03984375 0.0296875
1 0.36015625 0.98203125 0.03359375 0.0296875
1 0.71796875 0.525 0.06328125 0.0765625
1 0.246875 0.98203125 0.06015625 0.0296875
1 0.39140625 0.975 0.05 0.04296875
1 0.81796875 0.53671875 0.05703125 0.10703125
1 0.125 0.3796875 0.03671875 0.0265625
1 0.11171875 0.43984375 0.0296875 0.053125
1 0.928125 0.24140625 0.0234375 0.0296875
1 0.65859375 0.34140625 0.0296875 0.0234375
1 0.7546875 0.4234375 0.0234375 0.0265625