1 0.44609375 0.41953125 0.17421875 0.17421875
1 0.2953125 0.615625 0.15546875 0.115625
1 0.1671875 0.57578125 0.09453125 0.103125
1 0.72734375 0.28515625 0.13125 0.13984375
1 0.67890625 0.44140625 0.16015625 0.10390625
1 0.8765625 0.36640625 0.20546875 0.1328125
1 0.05625 0.32578125 0.059375 0.06640625
1 0.159375 0.709375 0.18671875 0.0796875
1 0.459375 0.6921875 0.15234375 0.10859375
1 0.73984375 0.521875 0.0953125 0.08671875
1 0.51796875 0.2609375 0.08515625 0.05546875
1 0.8625 0.57421875 0.17265625 0.1015625
1 0.715625 0.63359375 0.12890625 0.084375
1 0.96171875 0.575 0.075 0.19375
1 0.571875 0.65546875 0.04609375 0.09140625
1 0.1859375 0.47578125 0.2140625 0.084375
1 0.403125 0.3046875 0.08125 0.09453125