1 0.196875 0.58359375 0.13359375 0.09296875
1 0.2953125 0.2296875 0.1703125 0.13359375
1 0.621875 0.3734375 0.14296875 0.09296875
1 0.10703125 0.26796875 0.1265625 0.11015625
1 0.03515625 0.3953125 0.0703125 0.11640625
1 0.13515625 0.16328125 0.13671875 0.1203125
1 0.23671875 0.11171875 0.1203125 0.096875
1 0.81171875 0.0703125 0.25703125 0.13984375
1 0.53828125 0.503125 0.08984375 0.06640625
1 0.49140625 0.571875 0.08359375 0.06328125
1 0.26640625 0.8015625 0.1265625 0.06328125
1 0.73515625 0.65 0.1234375 0.0796875
1 0.46796875 0.80703125 0.1703125 0.0796875
1 0.68828125 0.26015625 0.0296875 0.03359375
1 0.4234375 0.396875 0.046875 0.03359375
1 0.29140625 0.5953125 0.04296875 0.03671875
1 0.425 0.61171875 0.04296875 0.0296875
1 0.1015625 0.6046875 0.03671875 0.0296875
1 0.1546875 0.6453125 0.03671875 0.0296875