1 0.09765625 0.5 0.0578125 0.1375
1 0.21171875 0.5453125 0.084375 0.1125
1 0.3296875 0.75 0.1015625 0.2046875
1 0.259375 0.17578125 0.221875 0.125
1 0.396875 0.4375 0.1265625 0.1703125
1 0.4765625 0.6875 0.06875 0.215625
1 0.54375 0.7953125 0.04375 0.1375
1 0.65 0.6875 0.11875 0.125
1 0.83125 0.7328125 0.1625 0.1703125
1 0.5890625 0.0625 0.2 0.125
1 0.0328125 0.05703125 0.065625 0.1125
1 0.56171875 0.27265625 0.13125 0.1375
1 0.59609375 0.38671875 0.0546875 0.159375
1 0.83359375 0.528125 0.065625 0.103125
1 0.83671875 0.28984375 0.04375 0.103125
1 0.89296875 0.38046875 0.046875 0.103125
1 0.9890625 0.7046875 0.021875 0.1375
1 0.98203125 0.5 0.0359375 0.1375
1 0.98515625 0.096875 0.028125 0.125
1 0.96015625 0.96015625 0.028125 0.0796875