1 0.78125 0.021875 0.046875 0.04375
1 0.609375 0.0171875 0.06875 0.034375
1 0.6953125 0.0671875 0.06875 0.1
1 0.3390625 0.0390625 0.0921875 0.078125
1 0.38515625 0.25625 0.115625 0.134375
1 0.60625 0.353125 0.096875 0.0859375
1 0.66640625 0.471875 0.046875 0.0734375
1 0.81328125 0.4828125 0.075 0.103125
1 0.49140625 0.465625 0.0625 0.1203125
1 0.5578125 0.42421875 0.046875 0.05625
1 0.2125 0.23046875 0.046875 0.134375
1 0.28984375 0.5578125 0.0859375 0.125
1 0.6609375 0.63125 0.046875 0.08125
1 0.56328125 0.73515625 0.06875 0.1078125
1 0.41953125 0.7109375 0.0578125 0.06875
1 0.67265625 0.82578125 0.06875 0.115625
1 0.4078125 0.88125 0.0921875 0.1