1 0.72578125 0.45078125 0.0875 0.0625
1 0.734375 0.83046875 0.096875 0.059375
1 0.3953125 0.6609375 0.0625 0.0421875
1 0.4390625 0.12734375 0.121875 0.065625
1 0.88828125 0.4296875 0.05625 0.05
1 0.83203125 0.48984375 0.05 0.028125
1 0.4234375 0.5015625 0.034375 0.0171875
1 0.396875 0.3265625 0.059375 0.025
1 0.7203125 0.27265625 0.034375 0.021875
1 0.41640625 0.78671875 0.084375 0.05625
1 0.71328125 0.2046875 0.034375 0.025
1 0.34453125 0.93515625 0.03125 0.025
1 0.78828125 0.33046875 0.0375 0.025
1 0.78671875 0.46015625 0.05625 0.0453125
1 0.37265625 0.5609375 0.0453125 0.0453125
1 0.7359375 0.52421875 0.059375 0.0421875
1 0.93359375 0.278125 0.0421875 0.03125
1 0.9890625 0.303125 0.021875 0.03125
1 0.203125 0.2796875 0.05625 0.034375
1 0.4828125 0.40390625 0.05625 0.0375