1 0.10234375 0.51171875 0.059375 0.1375
1 0.2171875 0.55703125 0.084375 0.1125
1 0.3359375 0.76171875 0.103125 0.2046875
1 0.26484375 0.1875 0.221875 0.125
1 0.403125 0.44921875 0.128125 0.1703125
1 0.48359375 0.69921875 0.06875 0.215625
1 0.55078125 0.80703125 0.04375 0.1375
1 0.65859375 0.69921875 0.1203125 0.125
1 0.84140625 0.74453125 0.1640625 0.1703125
1 0.59609375 0.06875 0.2015625 0.1375
1 0.034375 0.0625 0.06875 0.125
1 0.56953125 0.284375 0.13125 0.1375
1 0.60390625 0.39765625 0.0546875 0.159375
1 0.84296875 0.53984375 0.065625 0.103125
1 0.846875 0.30078125 0.04375 0.103125
1 0.903125 0.3921875 0.046875 0.103125
1 0.99453125 0.715625 0.0109375 0.1375
1 0.98671875 0.5125 0.0265625 0.1375
1 0.990625 0.1078125 0.01875 0.125
1 0.97109375 0.965625 0.028125 0.06875