1 0.52890625 0.4109375 0.109375 0.0625
1 0.3203125 0.92421875 0.134375 0.0875
1 0.23203125 0.840625 0.071875 0.04375
1 0.15546875 0.83125 0.065625 0.046875
1 0.8078125 0.08671875 0.071875 0.04375
1 0.52734375 0.57578125 0.11875 0.071875
1 0.60703125 0.57421875 0.0546875 0.0328125
1 0.7703125 0.41328125 0.06875 0.0359375
1 0.9328125 0.8078125 0.046875 0.0359375
1 0.2734375 0.4640625 0.0625 0.028125
1 0.58671875 0.32265625 0.0875 0.0359375
1 0.59765625 0.41875 0.05 0.025
1 0.74453125 0.73359375 0.0546875 0.0328125
1 0.9203125 0.6484375 0.065625 0.028125
1 0.96953125 0.55625 0.046875 0.0328125
1 0.9921875 0.575 0.015625 0.025
1 0.9078125 0.384375 0.046875 0.028125
1 0.49609375 0.19765625 0.071875 0.0328125
1 0.84453125 0.01796875 0.0796875 0.0359375
1 0.6578125 0.04140625 0.0546875 0.025
1 0.96171875 0.021875 0.0625 0.028125
1 0.98203125 0.33125 0.0359375 0.040625
1 0.44921875 0.95859375 0.0359375 0.025
1 0.94375 0.725 0.046875 0.028125
1 0.74296875 0.68984375 0.04375 0.025
1 0.7140625 0.69765625 0.028125 0.025
1 0.88984375 0.578125 0.046875 0.01875
1 0.86015625 0.8421875 0.025 0.01875
1 0.81015625 0.6921875 0.040625 0.021875
1 0.13203125 0.7734375 0.0546875 0.025
1 0.9921875 0.509375 0.015625 0.025
1 0.19921875 0.56015625 0.0796875 0.040625
1 0.2484375 0.6609375 0.0625 0.040625
1 0.31484375 0.62109375 0.0359375 0.025
1 0.328125 0.56328125 0.046875 0.0328125
1 0.4984375 0.70078125 0.046875 0.0328125
1 0.32265625 0.7390625 0.04375 0.028125
1 0.45078125 0.0109375 0.075 0.021875
1 0.73515625 0.65234375 0.0359375 0.028125
1 0.65546875 0.65234375 0.04375 0.021875
1 0.40390625 0.51796875 0.075 0.0359375
1 0.92578125 0.06171875 0.0546875 0.0359375
1 0.6453125 0.36796875 0.05 0.0328125
1 0.828125 0.56328125 0.046875 0.025
1 0.8640625 0.715625 0.0625 0.0328125
1 0.3546875 0.01640625 0.0796875 0.0328125