1 0.2763671875 0.591796875 0.2705078125 0.59375 0.263671875 0.6005859375 0.263671875 0.6083984375 0.2685546875 0.61328125 0.2890625 0.6123046875 0.3046875 0.6044921875 0.3046875 0.5986328125 0.2958984375 0.591796875 0.2763671875 0.591796875
1 0.5595703125 0.595703125 0.5478515625 0.595703125 0.53515625 0.6025390625 0.53515625 0.6083984375 0.5400390625 0.61328125 0.556640625 0.6123046875 0.5634765625 0.611328125 0.568359375 0.6064453125 0.568359375 0.6025390625 0.5595703125 0.595703125
1 0.7294921875 0.62109375 0.7099609375 0.626953125 0.7021484375 0.626953125 0.693359375 0.6318359375 0.6943359375 0.634765625 0.740234375 0.6337890625 0.7490234375 0.630859375 0.755859375 0.6240234375 0.7529296875 0.62109375 0.7294921875 0.62109375
1 0.1806640625 0.67578125 0.189453125 0.6748046875 0.1904296875 0.669921875 0.1826171875 0.669921875 0.1796875 0.6728515625 0.1806640625 0.67578125
1 0.4033203125 0.5625 0.3896484375 0.5625 0.384765625 0.5654296875 0.3876953125 0.572265625 0.400390625 0.5712890625 0.4091796875 0.568359375 0.412109375 0.5634765625 0.4052734375 0.560546875 0.4033203125 0.5625
1 0.4501953125 0.556640625 0.447265625 0.5595703125 0.4482421875 0.5625 0.4560546875 0.56640625 0.462890625 0.5654296875 0.470703125 0.5615234375 0.47265625 0.5576171875 0.4697265625 0.5546875 0.4501953125 0.556640625
1 0.625 0.5888671875 0.62890625 0.5927734375 0.630859375 0.5908203125 0.6298828125 0.580078125 0.625 0.5830078125 0.625 0.5888671875
1 0.7314453125 0.587890625 0.7470703125 0.5859375 0.75390625 0.5810546875 0.7138671875 0.58203125 0.7080078125 0.578125 0.6982421875 0.578125 0.6962890625 0.576171875 0.6865234375 0.578125 0.6728515625 0.583984375 0.666015625 0.5927734375 0.6728515625 0.6015625 0.68359375 0.6025390625 0.7041015625 0.6015625 0.7099609375 0.59765625 0.7197265625 0.595703125 0.7314453125 0.587890625
1 0.7734375 0.5537109375 0.7744140625 0.560546875 0.7783203125 0.5625 0.78515625 0.5615234375 0.7978515625 0.55859375 0.798828125 0.5517578125 0.7802734375 0.55078125 0.7734375 0.5537109375
1 0.900390625 0.6005859375 0.9072265625 0.60546875 0.92578125 0.6044921875 0.92578125 0.5966796875 0.9169921875 0.59375 0.9052734375 0.595703125 0.900390625 0.6005859375
1 0.802734375 0.5322265625 0.8037109375 0.52734375 0.79296875 0.5283203125 0.7939453125 0.533203125 0.802734375 0.5322265625
1 0.119140625 0.6103515625 0.1201171875 0.615234375 0.130859375 0.6142578125 0.1328125 0.6103515625 0.1298828125 0.607421875 0.1220703125 0.607421875 0.119140625 0.6103515625