1 0.484375 0.9580078125 0.482421875 0.9658203125 0.482421875 0.9990234375 0.498046875 0.9990234375 0.49609375 0.9619140625 0.4921875 0.9541015625 0.4892578125 0.953125 0.484375 0.9580078125
1 0.5908203125 0.900390625 0.587890625 0.9091796875 0.587890625 0.9267578125 0.591796875 0.9345703125 0.591796875 0.9404296875 0.5947265625 0.943359375 0.59765625 0.9423828125 0.6015625 0.9306640625 0.6015625 0.9189453125 0.59765625 0.9033203125 0.5908203125 0.900390625
1 0.541015625 0.8857421875 0.541015625 0.9267578125 0.5439453125 0.9296875 0.546875 0.9287109375 0.548828125 0.8935546875 0.546875 0.8837890625 0.5439453125 0.880859375 0.541015625 0.8857421875
1 0.5263671875 0.83203125 0.5234375 0.8349609375 0.5234375 0.8701171875 0.525390625 0.8720703125 0.52734375 0.8955078125 0.53125 0.8955078125 0.533203125 0.8720703125 0.529296875 0.8583984375 0.529296875 0.8349609375 0.5263671875 0.83203125
1 0.4912109375 0.771484375 0.4853515625 0.77734375 0.482421875 0.7763671875 0.48046875 0.7958984375 0.4833984375 0.802734375 0.4853515625 0.80078125 0.494140625 0.8076171875 0.498046875 0.7958984375 0.498046875 0.7841796875 0.49609375 0.7744140625 0.4912109375 0.771484375
1 0.52734375 0.6884765625 0.5244140625 0.685546875 0.521484375 0.6904296875 0.521484375 0.7275390625 0.5234375 0.7333984375 0.52734375 0.7353515625 0.529296875 0.7294921875 0.529296875 0.7001953125 0.52734375 0.6982421875 0.52734375 0.6884765625
1 0.583984375 0.7548828125 0.583984375 0.7685546875 0.58203125 0.7705078125 0.583984375 0.7724609375 0.5859375 0.7919921875 0.591796875 0.7978515625 0.59765625 0.7861328125 0.599609375 0.7490234375 0.5888671875 0.7421875 0.583984375 0.7548828125
1 0.568359375 0.6298828125 0.568359375 0.6474609375 0.572265625 0.6591796875 0.578125 0.6591796875 0.58203125 0.6474609375 0.580078125 0.6279296875 0.5732421875 0.62109375 0.568359375 0.6298828125
1 0.5947265625 0.70703125 0.591796875 0.7099609375 0.591796875 0.7392578125 0.599609375 0.7451171875 0.6015625 0.7431640625 0.6015625 0.7158203125 0.599609375 0.7080078125 0.5947265625 0.70703125
1 0.587890625 0.6806640625 0.591796875 0.6943359375 0.599609375 0.6943359375 0.59765625 0.6416015625 0.5927734375 0.63671875 0.58984375 0.6416015625 0.587890625 0.6806640625
1 0.4794921875 0.5078125 0.478515625 0.5517578125 0.4814453125 0.556640625 0.486328125 0.5556640625 0.490234375 0.5478515625 0.490234375 0.5224609375 0.486328125 0.5107421875 0.4794921875 0.5078125
1 0.4833984375 0.41015625 0.478515625 0.4169921875 0.478515625 0.4423828125 0.4833984375 0.44921875 0.486328125 0.4482421875 0.490234375 0.4423828125 0.490234375 0.4208984375 0.486328125 0.4111328125 0.4833984375 0.41015625
1 0.556640625 0.4443359375 0.556640625 0.4599609375 0.5615234375 0.46875 0.568359375 0.4677734375 0.568359375 0.4423828125 0.56640625 0.4365234375 0.5615234375 0.435546875 0.556640625 0.4443359375
1 0.5078125 0.3564453125 0.5078125 0.3818359375 0.5126953125 0.390625 0.517578125 0.3896484375 0.51953125 0.3818359375 0.517578125 0.3544921875 0.5107421875 0.3515625 0.5078125 0.3564453125
1 0.5791015625 0.384765625 0.57421875 0.3916015625 0.57421875 0.4228515625 0.5771484375 0.427734375 0.583984375 0.4267578125 0.587890625 0.4150390625 0.587890625 0.4013671875 0.583984375 0.3896484375 0.5791015625 0.384765625
1 0.5361328125 0.2890625 0.533203125 0.2919921875 0.529296875 0.3056640625 0.529296875 0.3232421875 0.5341796875 0.33203125 0.541015625 0.3330078125 0.544921875 0.3271484375 0.544921875 0.2998046875 0.54296875 0.2939453125 0.5361328125 0.2890625
1 0.5537109375 0.326171875 0.548828125 0.3330078125 0.548828125 0.3720703125 0.5537109375 0.37890625 0.556640625 0.3779296875 0.5625 0.3681640625 0.564453125 0.3505859375 0.560546875 0.3310546875 0.5537109375 0.326171875
1 0.4814453125 0.259765625 0.478515625 0.2724609375 0.48046875 0.3017578125 0.482421875 0.3095703125 0.48828125 0.3095703125 0.4921875 0.2998046875 0.490234375 0.2822265625 0.49609375 0.2744140625 0.4814453125 0.259765625
1 0.5556640625 0.2578125 0.552734375 0.2607421875 0.552734375 0.2958984375 0.5556640625 0.30078125 0.560546875 0.2998046875 0.564453125 0.2939453125 0.564453125 0.2685546875 0.560546875 0.2587890625 0.5556640625 0.2578125
1 0.4912109375 0.224609375 0.486328125 0.2314453125 0.486328125 0.2490234375 0.48828125 0.2509765625 0.48828125 0.2685546875 0.4931640625 0.275390625 0.49609375 0.2744140625 0.5 0.2646484375 0.498046875 0.2333984375 0.49609375 0.2275390625 0.4912109375 0.224609375
1 0.4658203125 0.091796875 0.46484375 0.1259765625 0.4677734375 0.12890625 0.470703125 0.1279296875 0.47265625 0.1240234375 0.47265625 0.1044921875 0.470703125 0.0947265625 0.4658203125 0.091796875
1 0.48046875 0.1396484375 0.4755859375 0.13671875 0.46875 0.1416015625 0.46875 0.1630859375 0.47265625 0.1826171875 0.4775390625 0.1875 0.48046875 0.1865234375 0.482421875 0.1845703125 0.482421875 0.1552734375 0.48046875 0.1533203125 0.48046875 0.1396484375
1 0.46875 0.1142578125 0.470703125 0.1025390625 0.4677734375 0.08984375 0.466796875 0.1142578125 0.46875 0.1142578125
1 0.48046875 0.0869140625 0.482421875 0.1123046875 0.4892578125 0.1171875 0.494140625 0.1162109375 0.494140625 0.0830078125 0.490234375 0.0712890625 0.4853515625 0.0703125 0.48046875 0.0869140625
1 0.5576171875 0.18359375 0.556640625 0.2080078125 0.55859375 0.2158203125 0.564453125 0.2158203125 0.56640625 0.2138671875 0.56640625 0.1884765625 0.5615234375 0.18359375 0.5576171875 0.18359375
1 0.521484375 0.2275390625 0.5234375 0.2294921875 0.5234375 0.2470703125 0.52734375 0.2490234375 0.52734375 0.2177734375 0.5244140625 0.21484375 0.521484375 0.2197265625 0.521484375 0.2275390625
1 0.51953125 0.2509765625 0.525390625 0.2412109375 0.5244140625 0.236328125 0.5224609375 0.240234375 0.51953125 0.2373046875 0.5185546875 0.2265625 0.5146484375 0.2265625 0.5107421875 0.234375 0.5068359375 0.234375 0.505859375 0.2294921875 0.5029296875 0.228515625 0.498046875 0.2353515625 0.5 0.2392578125 0.5 0.2646484375 0.5029296875 0.267578125 0.505859375 0.2666015625 0.5087890625 0.259765625 0.5146484375 0.265625 0.517578125 0.2626953125 0.51953125 0.2509765625
1 0.5654296875 0.099609375 0.560546875 0.1064453125 0.560546875 0.1416015625 0.564453125 0.1513671875 0.568359375 0.1513671875 0.57421875 0.1376953125 0.57421875 0.1181640625 0.5703125 0.1044921875 0.5654296875 0.099609375
1 0.5361328125 0.095703125 0.533203125 0.0986328125 0.533203125 0.1279296875 0.541015625 0.1298828125 0.544921875 0.1201171875 0.544921875 0.1123046875 0.541015625 0.0966796875 0.5361328125 0.095703125
1 0.5341796875 0.138671875 0.53125 0.1416015625 0.53125 0.1767578125 0.537109375 0.1845703125 0.541015625 0.1787109375 0.541015625 0.1494140625 0.5390625 0.1416015625 0.5341796875 0.138671875
1 0.509765625 0.1220703125 0.509765625 0.1455078125 0.51171875 0.1513671875 0.515625 0.1533203125 0.517578125 0.1513671875 0.517578125 0.1259765625 0.5126953125 0.119140625 0.509765625 0.1220703125
1 0.5205078125 0.134765625 0.5234375 0.1396484375 0.51953125 0.1455078125 0.51953125 0.1611328125 0.521484375 0.1708984375 0.52734375 0.1708984375 0.529296875 0.1611328125 0.52734375 0.1396484375 0.5244140625 0.134765625 0.5205078125 0.134765625
1 0.5146484375 0 0.515625 0.0537109375 0.51953125 0.0634765625 0.525390625 0.0673828125 0.529296875 0.0595703125 0.52734375 0.0126953125 0.53125 0.0029296875 0.5283203125 0 0.5146484375 0
1 0.56640625 0.0166015625 0.56640625 0.0283203125 0.568359375 0.0341796875 0.5712890625 0.037109375 0.57421875 0.0361328125 0.576171875 0.0185546875 0.57421875 0.0107421875 0.5712890625 0.009765625 0.56640625 0.0166015625