1 0.146484375 0.5087890625 0.1630859375 0.505859375 0.166015625 0.5029296875 0.16796875 0.4931640625 0.1630859375 0.48828125 0.1162109375 0.490234375 0.1044921875 0.49609375 0.09375 0.5068359375 0.09375 0.5146484375 0.0966796875 0.517578125 0.1064453125 0.51953125 0.1123046875 0.529296875 0.1240234375 0.533203125 0.13671875 0.5322265625 0.1455078125 0.53125 0.150390625 0.5263671875 0.142578125 0.5185546875 0.146484375 0.5087890625
1 0.0849609375 0.57421875 0.0830078125 0.576171875 0.0712890625 0.576171875 0.068359375 0.5791015625 0.068359375 0.5869140625 0.0732421875 0.595703125 0.0869140625 0.6015625 0.10546875 0.6025390625 0.1181640625 0.59765625 0.125 0.5888671875 0.1123046875 0.576171875 0.0849609375 0.57421875
1 0.2158203125 0.572265625 0.2109375 0.5751953125 0.208984375 0.5869140625 0.2119140625 0.58984375 0.2197265625 0.591796875 0.234375 0.5908203125 0.244140625 0.5810546875 0.2412109375 0.57421875 0.2373046875 0.572265625 0.2158203125 0.572265625
1 0.1669921875 0.556640625 0.1552734375 0.556640625 0.150390625 0.5595703125 0.150390625 0.5634765625 0.1572265625 0.5703125 0.1875 0.5693359375 0.1953125 0.5654296875 0.1943359375 0.556640625 0.1689453125 0.5546875 0.1669921875 0.556640625
1 0.13671875 0.5927734375 0.1435546875 0.599609375 0.15234375 0.5986328125 0.15625 0.5966796875 0.1572265625 0.58984375 0.1455078125 0.587890625 0.13671875 0.5927734375
1 0.189453125 0.6005859375 0.1923828125 0.607421875 0.2109375 0.6064453125 0.212890625 0.6025390625 0.2080078125 0.59765625 0.1943359375 0.59765625 0.189453125 0.6005859375
1 0.1611328125 0.572265625 0.15234375 0.5771484375 0.1533203125 0.5859375 0.1611328125 0.58984375 0.173828125 0.5888671875 0.181640625 0.5849609375 0.181640625 0.5771484375 0.1767578125 0.572265625 0.1611328125 0.572265625
1 0.3349609375 0.580078125 0.330078125 0.5830078125 0.328125 0.5888671875 0.3310546875 0.59375 0.3427734375 0.599609375 0.353515625 0.5986328125 0.3642578125 0.595703125 0.369140625 0.5888671875 0.3623046875 0.580078125 0.3349609375 0.580078125
1 0.294921875 0.5947265625 0.2998046875 0.6015625 0.310546875 0.6005859375 0.31640625 0.5947265625 0.3115234375 0.58984375 0.3017578125 0.58984375 0.294921875 0.5947265625
1 0.3232421875 0.498046875 0.318359375 0.5029296875 0.318359375 0.5068359375 0.3232421875 0.51171875 0.330078125 0.5107421875 0.3349609375 0.509765625 0.337890625 0.5048828125 0.3291015625 0.498046875 0.3232421875 0.498046875
1 0.294921875 0.5244140625 0.2958984375 0.529296875 0.318359375 0.5283203125 0.32421875 0.5263671875 0.3212890625 0.51953125 0.3095703125 0.51953125 0.294921875 0.5244140625
1 0.361328125 0.5673828125 0.361328125 0.5712890625 0.3662109375 0.57421875 0.388671875 0.5732421875 0.392578125 0.5693359375 0.3857421875 0.5625 0.3701171875 0.5625 0.361328125 0.5673828125
1 0.193359375 0.5126953125 0.2001953125 0.517578125 0.20703125 0.5166015625 0.2109375 0.5126953125 0.2080078125 0.5078125 0.1982421875 0.5078125 0.193359375 0.5126953125
1 0.423828125 0.5439453125 0.4248046875 0.548828125 0.443359375 0.5478515625 0.443359375 0.5439453125 0.4365234375 0.5390625 0.4306640625 0.5390625 0.423828125 0.5439453125
1 0.384765625 0.4833984375 0.3857421875 0.48828125 0.3896484375 0.490234375 0.396484375 0.4892578125 0.3984375 0.4873046875 0.3974609375 0.482421875 0.3896484375 0.48046875 0.384765625 0.4833984375
1 0.421875 0.6083984375 0.4248046875 0.61328125 0.4375 0.6142578125 0.4453125 0.6123046875 0.4423828125 0.60546875 0.4248046875 0.60546875 0.421875 0.6083984375
1 0.462890625 0.6064453125 0.462890625 0.6103515625 0.4677734375 0.61328125 0.48046875 0.6142578125 0.48828125 0.6083984375 0.4833984375 0.6015625 0.4677734375 0.6015625 0.462890625 0.6064453125
1 0.5107421875 0.583984375 0.505859375 0.5869140625 0.50390625 0.5966796875 0.5068359375 0.599609375 0.5234375 0.6005859375 0.5302734375 0.599609375 0.53515625 0.5947265625 0.5341796875 0.5859375 0.5107421875 0.583984375
1 0.5595703125 0.583984375 0.5546875 0.5869140625 0.5546875 0.5927734375 0.5576171875 0.595703125 0.580078125 0.5947265625 0.583984375 0.5927734375 0.583984375 0.5869140625 0.5791015625 0.583984375 0.5595703125 0.583984375
1 0.6162109375 0.58203125 0.6064453125 0.58203125 0.59765625 0.5869140625 0.59765625 0.5927734375 0.59375 0.5986328125 0.5966796875 0.6015625 0.60546875 0.6025390625 0.6142578125 0.6015625 0.6171875 0.5986328125 0.62109375 0.5869140625 0.6162109375 0.58203125
1 0.423828125 0.5302734375 0.4267578125 0.53515625 0.431640625 0.5341796875 0.43359375 0.5322265625 0.4326171875 0.52734375 0.4267578125 0.52734375 0.423828125 0.5302734375
1 0.6201171875 0.47265625 0.609375 0.4794921875 0.609375 0.4833984375 0.6162109375 0.48828125 0.6328125 0.4873046875 0.6376953125 0.486328125 0.642578125 0.4814453125 0.6396484375 0.474609375 0.6201171875 0.47265625
1 0.62890625 0.5185546875 0.6318359375 0.525390625 0.640625 0.5244140625 0.64453125 0.5205078125 0.6396484375 0.515625 0.6318359375 0.515625 0.62890625 0.5185546875
1 0.6513671875 0.556640625 0.64453125 0.5634765625 0.6494140625 0.5703125 0.6640625 0.5693359375 0.669921875 0.5654296875 0.669921875 0.5595703125 0.6650390625 0.556640625 0.6513671875 0.556640625
1 0.7216796875 0.560546875 0.7109375 0.5673828125 0.7138671875 0.57421875 0.732421875 0.5732421875 0.73828125 0.5693359375 0.73828125 0.5654296875 0.7314453125 0.560546875 0.7216796875 0.560546875
1 0.8466796875 0.568359375 0.8447265625 0.5703125 0.8291015625 0.5703125 0.818359375 0.5771484375 0.8212890625 0.583984375 0.84375 0.5830078125 0.8544921875 0.58203125 0.86328125 0.5732421875 0.8583984375 0.568359375 0.8466796875 0.568359375
1 0.88671875 0.5732421875 0.88671875 0.5771484375 0.8916015625 0.58203125 0.8994140625 0.58203125 0.9052734375 0.5859375 0.9140625 0.5849609375 0.92578125 0.5751953125 0.9228515625 0.5703125 0.8916015625 0.568359375 0.88671875 0.5732421875
1 0.748046875 0.5419921875 0.7509765625 0.546875 0.765625 0.5458984375 0.767578125 0.5439453125 0.7666015625 0.5390625 0.7509765625 0.5390625 0.748046875 0.5419921875
1 0.7314453125 0.48046875 0.7294921875 0.482421875 0.7216796875 0.48046875 0.7109375 0.4853515625 0.7119140625 0.4921875 0.7158203125 0.494140625 0.724609375 0.4931640625 0.7412109375 0.48828125 0.744140625 0.4833984375 0.7412109375 0.48046875 0.7314453125 0.48046875
1 0.765625 0.5048828125 0.7724609375 0.51171875 0.78125 0.5107421875 0.787109375 0.5048828125 0.7841796875 0.5 0.7705078125 0.5 0.765625 0.5048828125
1 0.775390625 0.5322265625 0.7763671875 0.5390625 0.79296875 0.5380859375 0.794921875 0.5322265625 0.7900390625 0.529296875 0.7783203125 0.529296875 0.775390625 0.5322265625
1 0.9384765625 0.4921875 0.9365234375 0.494140625 0.9267578125 0.494140625 0.921875 0.4990234375 0.923828125 0.5068359375 0.9287109375 0.509765625 0.947265625 0.5107421875 0.9609375 0.5048828125 0.962890625 0.5009765625 0.9580078125 0.494140625 0.9384765625 0.4921875
1 0.8779296875 0.50390625 0.8828125 0.5029296875 0.8837890625 0.49609375 0.8759765625 0.49609375 0.873046875 0.4990234375 0.8779296875 0.50390625
1 0.8828125 0.5068359375 0.8828125 0.5126953125 0.8876953125 0.515625 0.904296875 0.5146484375 0.91015625 0.5087890625 0.9033203125 0.501953125 0.8896484375 0.501953125 0.8828125 0.5068359375
1 0.8583984375 0.4765625 0.8310546875 0.4765625 0.8232421875 0.48046875 0.8203125 0.4853515625 0.8232421875 0.4921875 0.8330078125 0.49609375 0.8515625 0.4951171875 0.8564453125 0.494140625 0.86328125 0.4873046875 0.8623046875 0.478515625 0.8583984375 0.4765625
1 0.73828125 0.4755859375 0.73828125 0.4814453125 0.7451171875 0.486328125 0.7578125 0.4853515625 0.763671875 0.4794921875 0.7607421875 0.47265625 0.7431640625 0.470703125 0.73828125 0.4755859375
1 0.56640625 0.5009765625 0.5673828125 0.5078125 0.5712890625 0.509765625 0.580078125 0.5087890625 0.5859375 0.5068359375 0.5849609375 0.498046875 0.5732421875 0.49609375 0.56640625 0.5009765625