1 0.2060546875 0.578125 0.1708984375 0.580078125 0.1630859375 0.591796875 0.1533203125 0.591796875 0.138671875 0.5986328125 0.138671875 0.6064453125 0.1474609375 0.615234375 0.166015625 0.6142578125 0.2177734375 0.609375 0.22265625 0.6025390625 0.216796875 0.5830078125 0.2060546875 0.578125
1 0.1298828125 0.544921875 0.123046875 0.5517578125 0.1259765625 0.55859375 0.1318359375 0.560546875 0.146484375 0.5595703125 0.154296875 0.5556640625 0.15234375 0.5478515625 0.1474609375 0.544921875 0.1298828125 0.544921875
1 0.2353515625 0.546875 0.2080078125 0.546875 0.19921875 0.5517578125 0.201171875 0.5576171875 0.2080078125 0.560546875 0.228515625 0.5595703125 0.2373046875 0.55859375 0.240234375 0.5556640625 0.240234375 0.5498046875 0.2353515625 0.546875
1 0.2998046875 0.587890625 0.2939453125 0.58984375 0.291015625 0.5947265625 0.291015625 0.6025390625 0.2958984375 0.607421875 0.349609375 0.6064453125 0.3515625 0.6044921875 0.3515625 0.5947265625 0.3310546875 0.587890625 0.2998046875 0.587890625
1 0.2529296875 0.521484375 0.240234375 0.5263671875 0.2412109375 0.533203125 0.2490234375 0.53515625 0.265625 0.5341796875 0.2705078125 0.533203125 0.2734375 0.5263671875 0.2646484375 0.521484375 0.2529296875 0.521484375
1 0.271484375 0.5380859375 0.2744140625 0.54296875 0.2802734375 0.544921875 0.291015625 0.5439453125 0.29296875 0.5361328125 0.2880859375 0.533203125 0.2802734375 0.533203125 0.271484375 0.5380859375
1 0.2001953125 0.515625 0.193359375 0.5205078125 0.193359375 0.5244140625 0.1982421875 0.52734375 0.22265625 0.5263671875 0.228515625 0.5224609375 0.228515625 0.5185546875 0.2236328125 0.515625 0.2001953125 0.515625
1 0.328125 0.5693359375 0.328125 0.5732421875 0.3330078125 0.578125 0.34765625 0.5771484375 0.353515625 0.5712890625 0.3486328125 0.56640625 0.3310546875 0.56640625 0.328125 0.5693359375
1 0.2998046875 0.576171875 0.294921875 0.5810546875 0.29296875 0.5888671875 0.306640625 0.5888671875 0.3173828125 0.5859375 0.3203125 0.5791015625 0.3134765625 0.57421875 0.2998046875 0.576171875
1 0.4404296875 0.548828125 0.4306640625 0.55078125 0.42578125 0.5556640625 0.4287109375 0.5625 0.4365234375 0.564453125 0.44921875 0.5634765625 0.455078125 0.5595703125 0.455078125 0.5537109375 0.4521484375 0.55078125 0.4404296875 0.548828125
1 0.5087890625 0.572265625 0.50390625 0.5771484375 0.5107421875 0.583984375 0.521484375 0.5830078125 0.5341796875 0.58203125 0.53515625 0.5771484375 0.5244140625 0.572265625 0.5087890625 0.572265625
1 0.4716796875 0.591796875 0.462890625 0.5966796875 0.4638671875 0.6015625 0.4921875 0.6005859375 0.494140625 0.5986328125 0.4892578125 0.59375 0.4814453125 0.591796875 0.4716796875 0.591796875
1 0.498046875 0.5927734375 0.4990234375 0.595703125 0.5048828125 0.59765625 0.51171875 0.5966796875 0.517578125 0.5927734375 0.5146484375 0.58984375 0.5009765625 0.58984375 0.498046875 0.5927734375
1 0.53515625 0.5166015625 0.5380859375 0.52734375 0.576171875 0.5263671875 0.58203125 0.5224609375 0.5771484375 0.515625 0.5380859375 0.513671875 0.53515625 0.5166015625
1 0.6025390625 0.541015625 0.599609375 0.5439453125 0.6025390625 0.55078125 0.62109375 0.5498046875 0.6298828125 0.546875 0.630859375 0.5439453125 0.6201171875 0.5390625 0.6025390625 0.541015625
1 0.7275390625 0.560546875 0.72265625 0.5654296875 0.7236328125 0.578125 0.7275390625 0.580078125 0.7421875 0.5791015625 0.7490234375 0.578125 0.755859375 0.5693359375 0.7509765625 0.560546875 0.7275390625 0.560546875
1 0.6708984375 0.59375 0.6416015625 0.59375 0.6396484375 0.595703125 0.6298828125 0.595703125 0.623046875 0.6005859375 0.623046875 0.6064453125 0.6259765625 0.609375 0.642578125 0.6083984375 0.6708984375 0.607421875 0.677734375 0.6025390625 0.677734375 0.5986328125 0.6708984375 0.59375
1 0.7451171875 0.515625 0.7080078125 0.513671875 0.7021484375 0.509765625 0.6943359375 0.509765625 0.6923828125 0.513671875 0.6904296875 0.51171875 0.6796875 0.5166015625 0.6796875 0.5224609375 0.6865234375 0.525390625 0.6904296875 0.53125 0.7001953125 0.533203125 0.7041015625 0.53125 0.7138671875 0.537109375 0.748046875 0.5361328125 0.75390625 0.5322265625 0.75390625 0.5283203125 0.751953125 0.5224609375 0.7451171875 0.515625
1 0.7509765625 0.560546875 0.7333984375 0.560546875 0.7265625 0.5634765625 0.724609375 0.5771484375 0.7275390625 0.580078125 0.74609375 0.5791015625 0.7509765625 0.578125 0.755859375 0.5693359375 0.755859375 0.5654296875 0.7509765625 0.560546875
1 0.8427734375 0.56640625 0.8193359375 0.56640625 0.80859375 0.5751953125 0.80859375 0.5791015625 0.8193359375 0.58984375 0.83203125 0.5908203125 0.8447265625 0.58984375 0.849609375 0.5810546875 0.849609375 0.5732421875 0.8427734375 0.56640625
1 0.9658203125 0.5703125 0.9462890625 0.564453125 0.908203125 0.5634765625 0.908203125 0.5947265625 0.9130859375 0.599609375 0.94921875 0.5986328125 0.9580078125 0.59765625 0.966796875 0.5888671875 0.96875 0.5732421875 0.9658203125 0.5703125
1 0.705078125 0.6025390625 0.7060546875 0.60546875 0.75390625 0.6044921875 0.7529296875 0.599609375 0.7392578125 0.595703125 0.7216796875 0.595703125 0.705078125 0.6025390625