1 0.53515625 0.54453125 0.0625 0.1109375
1 0.028125 0.75703125 0.05625 0.1375
1 0.09609375 0.8484375 0.04375 0.075
1 0.10546875 0.92578125 0.0484375 0.065625
1 0.86640625 0.259375 0.04375 0.075
1 0.36640625 0.54609375 0.075 0.121875
1 0.36875 0.46484375 0.034375 0.05625
1 0.53359375 0.2984375 0.0375 0.0703125
1 0.1296875 0.13125 0.0375 0.0484375
1 0.48125 0.80546875 0.0296875 0.0625
1 0.62578125 0.48515625 0.0375 0.0890625
1 0.528125 0.47421875 0.025 0.0515625
1 0.20546875 0.32421875 0.034375 0.05625
1 0.29296875 0.14453125 0.0296875 0.065625
1 0.38671875 0.09453125 0.034375 0.0484375
1 0.36875 0.05703125 0.025 0.040625
1 0.56328125 0.15703125 0.0296875 0.0484375
1 0.75390625 0.578125 0.034375 0.075
1 0.9390625 0.221875 0.040625 0.08125
1 0.99453125 0.45390625 0.0109375 0.0703125
1 0.91328125 0.41328125 0.025 0.05625
1 0.93359375 0.1015625 0.0296875 0.0625
1 0.61640625 0.05 0.040625 0.1
1 0.57421875 0.02578125 0.0296875 0.0515625
1 0.21484375 0.1203125 0.0296875 0.0484375
1 0.25 0.32578125 0.025 0.04375
1 0.24296875 0.35546875 0.025 0.0296875
1 0.36484375 0.17578125 0.01875 0.0484375
1 0.09453125 0.20546875 0.01875 0.025
1 0.2484375 0.25703125 0.021875 0.040625
1 0.16484375 0.95 0.025 0.05625
1 0.43515625 0.05546875 0.025 0.04375
1 0.38359375 0.88125 0.040625 0.08125
1 0.2796875 0.83125 0.040625 0.0625
1 0.3203125 0.76328125 0.025 0.0375
1 0.3796875 0.75 0.034375 0.0484375
1 0.2390625 0.57578125 0.034375 0.0484375
1 0.2 0.75546875 0.0296875 0.04375
1 0.9515625 0.62421875 0.0375 0.078125
1 0.6984375 0.02578125 0.0625 0.0515625
1 0.2890625 0.33359375 0.0296875 0.0375
1 0.2890625 0.41484375 0.021875 0.04375
1 0.978125 0.36875 0.0375 0.084375
1 0.42578125 0.671875 0.0375 0.078125
1 0.89296875 0.1390625 0.0375 0.05625
1 0.5796875 0.42578125 0.034375 0.0515625
1 0.3796875 0.2390625 0.025 0.0484375
1 0.22421875 0.2015625 0.034375 0.0625
1 0.9390625 0.721875 0.034375 0.08125