1 0.31015625 0.421875 0.26640625 0.08984375
1 0.3015625 0.5546875 0.296875 0.096875
1 0.2546875 0.178125 0.24296875 0.0765625
1 0.346875 0.903125 0.2734375 0.0734375
1 0.50703125 0.7703125 0.246875 0.08671875
1 0.6296875 0.6703125 0.11328125 0.053125
1 0.73359375 0.65 0.16640625 0.0734375
1 0.68359375 0.3 0.26640625 0.09296875
1 0.71015625 0.253125 0.16015625 0.0796875
1 0.8515625 0.23515625 0.15703125 0.08359375
1 0.4484375 0.146875 0.203125 0.0734375
1 0.45703125 0.0953125 0.2 0.05
1 0.31171875 0.01171875 0.15703125 0.0234375
1 0.06640625 0.71640625 0.0734375 0.03359375
1 0.7296875 0.93203125 0.09296875 0.04296875
1 0.73828125 0.7796875 0.08359375 0.046875
1 0.01640625 0.88125 0.0328125 0.0625