1 0.353515625 0.3193359375 0.3486328125 0.314453125 0.3447265625 0.314453125 0.33984375 0.3173828125 0.33984375 0.3232421875 0.3359375 0.3291015625 0.333984375 0.3603515625 0.345703125 0.3740234375 0.3486328125 0.380859375 0.357421875 0.3798828125 0.36328125 0.3583984375 0.359375 0.3466796875 0.353515625 0.3408203125 0.353515625 0.3193359375
1 0.517578125 0.3447265625 0.509765625 0.3349609375 0.5078125 0.3251953125 0.5009765625 0.3203125 0.4931640625 0.3203125 0.486328125 0.3271484375 0.486328125 0.3369140625 0.4921875 0.3447265625 0.490234375 0.3642578125 0.4970703125 0.37109375 0.505859375 0.3701171875 0.513671875 0.3642578125 0.513671875 0.3544921875 0.517578125 0.3505859375 0.517578125 0.3447265625
1 0.5703125 0.3408203125 0.5634765625 0.3359375 0.556640625 0.3427734375 0.556640625 0.3818359375 0.55859375 0.3837890625 0.560546875 0.4052734375 0.5634765625 0.408203125 0.568359375 0.4072265625 0.572265625 0.4013671875 0.572265625 0.3583984375 0.5703125 0.3564453125 0.5703125 0.3408203125
1 0.5166015625 0.3515625 0.51171875 0.3583984375 0.51171875 0.3623046875 0.5185546875 0.369140625 0.52734375 0.3681640625 0.533203125 0.3642578125 0.533203125 0.3603515625 0.5283203125 0.35546875 0.5166015625 0.3515625
1 0.515625 0.1728515625 0.5048828125 0.1640625 0.5009765625 0.1640625 0.4873046875 0.173828125 0.482421875 0.1826171875 0.484375 0.2001953125 0.4912109375 0.205078125 0.5 0.2060546875 0.5146484375 0.205078125 0.51953125 0.2021484375 0.51953125 0.1884765625 0.515625 0.1728515625
1 0.3583984375 0.12109375 0.35546875 0.1259765625 0.35546875 0.1357421875 0.3603515625 0.138671875 0.365234375 0.1376953125 0.37109375 0.1337890625 0.375 0.1259765625 0.3681640625 0.1171875 0.3583984375 0.12109375
1 0.5380859375 0.48828125 0.53515625 0.4931640625 0.533203125 0.5087890625 0.537109375 0.5224609375 0.5400390625 0.525390625 0.544921875 0.5244140625 0.548828125 0.5205078125 0.548828125 0.5029296875 0.544921875 0.4912109375 0.5380859375 0.48828125
1 0.57421875 0.7080078125 0.56640625 0.6865234375 0.5615234375 0.685546875 0.5546875 0.7001953125 0.552734375 0.7216796875 0.5625 0.7529296875 0.5654296875 0.7578125 0.5703125 0.7568359375 0.57421875 0.7509765625 0.57421875 0.7392578125 0.576171875 0.7373046875 0.57421875 0.7080078125
1 0.3798828125 0.763671875 0.373046875 0.7744140625 0.373046875 0.7861328125 0.375 0.7939453125 0.3798828125 0.798828125 0.384765625 0.7978515625 0.390625 0.7919921875 0.390625 0.7724609375 0.3857421875 0.763671875 0.3798828125 0.763671875
1 0.3525390625 0.828125 0.345703125 0.8349609375 0.345703125 0.8642578125 0.3505859375 0.869140625 0.35546875 0.8681640625 0.36328125 0.8583984375 0.365234375 0.8388671875 0.3603515625 0.830078125 0.3525390625 0.828125
1 0.3623046875 0.9140625 0.3564453125 0.916015625 0.353515625 0.9208984375 0.353515625 0.9560546875 0.3564453125 0.9609375 0.361328125 0.9599609375 0.369140625 0.9521484375 0.373046875 0.9365234375 0.37109375 0.9228515625 0.3623046875 0.9140625
1 0.4990234375 0.892578125 0.4921875 0.8994140625 0.4921875 0.9072265625 0.4990234375 0.9140625 0.5078125 0.9130859375 0.51171875 0.9072265625 0.51171875 0.8974609375 0.5068359375 0.892578125 0.4990234375 0.892578125
1 0.5673828125 0.962890625 0.5576171875 0.958984375 0.55078125 0.9677734375 0.55078125 0.9794921875 0.5546875 0.9970703125 0.5576171875 1 0.5625 0.9990234375 0.564453125 0.9853515625 0.5703125 0.9755859375 0.5703125 0.9677734375 0.5673828125 0.962890625
1 0.5244140625 0.81640625 0.5166015625 0.814453125 0.505859375 0.8212890625 0.505859375 0.8310546875 0.5107421875 0.837890625 0.517578125 0.8388671875 0.5224609375 0.837890625 0.52734375 0.8330078125 0.529296875 0.8232421875 0.5244140625 0.81640625
1 0.5849609375 0.939453125 0.580078125 0.9443359375 0.5849609375 0.951171875 0.58984375 0.9501953125 0.59375 0.9482421875 0.59375 0.9423828125 0.5908203125 0.939453125 0.5849609375 0.939453125
1 0.421875 0.5947265625 0.419921875 0.6064453125 0.4267578125 0.611328125 0.43359375 0.6103515625 0.4375 0.6064453125 0.4375 0.5927734375 0.4306640625 0.58984375 0.421875 0.5947265625
1 0.3720703125 0.529296875 0.365234375 0.5341796875 0.36328125 0.5458984375 0.3701171875 0.5546875 0.376953125 0.5537109375 0.384765625 0.5458984375 0.384765625 0.5361328125 0.3798828125 0.529296875 0.3720703125 0.529296875
1 0.4111328125 0.44921875 0.404296875 0.4560546875 0.404296875 0.4716796875 0.4111328125 0.48046875 0.419921875 0.4794921875 0.4296875 0.4697265625 0.4296875 0.4599609375 0.4248046875 0.451171875 0.4111328125 0.44921875
1 0.3583984375 0.41796875 0.3505859375 0.41796875 0.34375 0.4248046875 0.34375 0.4404296875 0.3505859375 0.447265625 0.357421875 0.4462890625 0.36328125 0.4423828125 0.365234375 0.4365234375 0.36328125 0.4228515625 0.3583984375 0.41796875
1 0.4091796875 0.21484375 0.40234375 0.2216796875 0.40234375 0.2314453125 0.4072265625 0.236328125 0.4140625 0.2373046875 0.421875 0.2314453125 0.421875 0.2177734375 0.4189453125 0.21484375 0.4091796875 0.21484375
1 0.3701171875 0.275390625 0.365234375 0.2822265625 0.3671875 0.2919921875 0.3701171875 0.294921875 0.373046875 0.2939453125 0.380859375 0.2861328125 0.380859375 0.2802734375 0.3759765625 0.275390625 0.3701171875 0.275390625
1 0.3564453125 0.240234375 0.3486328125 0.2421875 0.34375 0.2470703125 0.34375 0.2587890625 0.3505859375 0.265625 0.35546875 0.2646484375 0.36328125 0.2587890625 0.365234375 0.2509765625 0.36328125 0.2451171875 0.3564453125 0.240234375
1 0.4638671875 0.072265625 0.4609375 0.0751953125 0.4609375 0.0849609375 0.4658203125 0.091796875 0.47265625 0.0908203125 0.4765625 0.0869140625 0.474609375 0.0751953125 0.4716796875 0.072265625 0.4638671875 0.072265625
1 0.4267578125 0.080078125 0.4150390625 0.080078125 0.408203125 0.0888671875 0.41015625 0.1005859375 0.41796875 0.1044921875 0.4248046875 0.103515625 0.431640625 0.0986328125 0.43359375 0.0849609375 0.4267578125 0.080078125
1 0.4794921875 0.11328125 0.474609375 0.1201171875 0.478515625 0.1318359375 0.4873046875 0.138671875 0.494140625 0.1376953125 0.498046875 0.1337890625 0.49609375 0.1201171875 0.4853515625 0.11328125 0.4794921875 0.11328125
1 0.58984375 0.3408203125 0.58984375 0.3486328125 0.59375 0.3583984375 0.5966796875 0.361328125 0.6015625 0.3603515625 0.603515625 0.3583984375 0.6015625 0.3330078125 0.5947265625 0.33203125 0.58984375 0.3408203125