1 0.04296875 0.83515625 0.084375 0.0453125
1 0.00625 0.7046875 0.0125 0.05625
1 0.03828125 0.66484375 0.0765625 0.06875
1 0.10859375 0.75 0.0984375 0.06875
1 0.02578125 0.55390625 0.0515625 0.0625
1 0.06640625 0.39765625 0.10625 0.090625
1 0.296875 0.44296875 0.1328125 0.1125
1 0.39296875 0.66171875 0.084375 0.096875
1 0.5109375 0.721875 0.071875 0.0453125
1 0.52109375 0.86640625 0.103125 0.075
1 0.50390625 0.5484375 0.11875 0.0625
1 0.4640625 0.61328125 0.05625 0.0453125
1 0.27109375 0.27265625 0.1328125 0.0453125
1 0.59609375 0.34921875 0.125 0.084375
1 0.66875 0.715625 0.08125 0.0453125
1 0.77109375 0.61953125 0.10625 0.06875
1 0.74765625 0.47734375 0.06875 0.05625
1 0.8609375 0.72734375 0.115625 0.06875
1 0.91640625 0.465625 0.0984375 0.090625