1 0.5947265625 0.927734375 0.58984375 0.9326171875 0.58984375 0.9423828125 0.587890625 0.9443359375 0.58984375 0.9638671875 0.599609375 0.9814453125 0.6015625 0.9990234375 0.61328125 0.9990234375 0.611328125 0.9912109375 0.611328125 0.9501953125 0.60546875 0.9345703125 0.5947265625 0.927734375
1 0.36328125 0.8876953125 0.361328125 0.8759765625 0.3564453125 0.875 0.353515625 0.8798828125 0.353515625 0.9033203125 0.35546875 0.9052734375 0.359375 0.9443359375 0.369140625 0.9794921875 0.376953125 0.9873046875 0.37890625 0.9853515625 0.37890625 0.9443359375 0.369140625 0.8994140625 0.36328125 0.8876953125
1 0.306640625 0.7490234375 0.3037109375 0.744140625 0.2978515625 0.744140625 0.294921875 0.7490234375 0.294921875 0.7685546875 0.296875 0.7705078125 0.296875 0.7822265625 0.3046875 0.8212890625 0.310546875 0.8349609375 0.3154296875 0.83984375 0.318359375 0.8388671875 0.3203125 0.8349609375 0.318359375 0.7880859375 0.306640625 0.7548828125 0.306640625 0.7490234375
1 0.3642578125 0.748046875 0.357421875 0.7587890625 0.359375 0.7666015625 0.3662109375 0.7734375 0.37109375 0.7724609375 0.375 0.7685546875 0.376953125 0.7587890625 0.3701171875 0.748046875 0.3642578125 0.748046875
1 0.3798828125 0.794921875 0.373046875 0.7998046875 0.37109375 0.8076171875 0.3740234375 0.814453125 0.3779296875 0.81640625 0.384765625 0.8154296875 0.388671875 0.8115234375 0.388671875 0.7998046875 0.3837890625 0.794921875 0.3798828125 0.794921875
1 0.396484375 0.9990234375 0.41796875 0.9990234375 0.41796875 0.9951171875 0.4091796875 0.98828125 0.4033203125 0.990234375 0.396484375 0.9990234375
1 0.552734375 0.8642578125 0.552734375 0.8740234375 0.55859375 0.8759765625 0.5625 0.8720703125 0.5625 0.8642578125 0.5595703125 0.859375 0.552734375 0.8642578125
1 0.6015625 0.7568359375 0.6015625 0.7666015625 0.6044921875 0.76953125 0.609375 0.7685546875 0.61328125 0.7646484375 0.61328125 0.7607421875 0.6044921875 0.75390625 0.6015625 0.7568359375
1 0.5556640625 0.63671875 0.552734375 0.6396484375 0.552734375 0.6611328125 0.5576171875 0.669921875 0.564453125 0.6689453125 0.56640625 0.6611328125 0.564453125 0.6455078125 0.5625 0.6396484375 0.5556640625 0.63671875
1 0.517578125 0.6513671875 0.517578125 0.6591796875 0.5234375 0.6630859375 0.52734375 0.6611328125 0.52734375 0.6513671875 0.5224609375 0.646484375 0.517578125 0.6513671875
1 0.5068359375 0.560546875 0.509765625 0.5595703125 0.51171875 0.5498046875 0.5048828125 0.546875 0.501953125 0.5537109375 0.5068359375 0.560546875
1 0.541015625 0.4873046875 0.5361328125 0.482421875 0.5322265625 0.482421875 0.52734375 0.4892578125 0.52734375 0.5107421875 0.53125 0.5205078125 0.5361328125 0.5234375 0.5390625 0.5224609375 0.54296875 0.5205078125 0.544921875 0.5126953125 0.54296875 0.4931640625 0.541015625 0.4873046875
1 0.5126953125 0.31640625 0.5078125 0.3193359375 0.5078125 0.3427734375 0.513671875 0.3583984375 0.521484375 0.3583984375 0.5234375 0.3564453125 0.525390625 0.3349609375 0.517578125 0.3193359375 0.5126953125 0.31640625
1 0.4404296875 0.146484375 0.431640625 0.1533203125 0.4296875 0.1630859375 0.4345703125 0.173828125 0.4384765625 0.17578125 0.4453125 0.1748046875 0.451171875 0.1669921875 0.451171875 0.1591796875 0.44921875 0.1533203125 0.4404296875 0.146484375
1 0.484375 0.2392578125 0.486328125 0.2470703125 0.494140625 0.2470703125 0.49609375 0.2392578125 0.4931640625 0.236328125 0.4873046875 0.236328125 0.484375 0.2392578125
1 0.3603515625 0.546875 0.353515625 0.5517578125 0.3515625 0.5693359375 0.3603515625 0.578125 0.3671875 0.5771484375 0.37109375 0.5712890625 0.37109375 0.5634765625 0.369140625 0.5556640625 0.3603515625 0.546875
1 0.3681640625 0.615234375 0.361328125 0.6220703125 0.359375 0.6318359375 0.3662109375 0.640625 0.373046875 0.6396484375 0.37890625 0.6357421875 0.37890625 0.6240234375 0.3720703125 0.615234375 0.3681640625 0.615234375
1 0.3408203125 0.642578125 0.337890625 0.6513671875 0.337890625 0.6669921875 0.3427734375 0.671875 0.349609375 0.6708984375 0.353515625 0.6669921875 0.353515625 0.6572265625 0.34765625 0.6474609375 0.3408203125 0.642578125
1 0.3095703125 0.701171875 0.302734375 0.7099609375 0.302734375 0.7177734375 0.3076171875 0.724609375 0.31640625 0.7236328125 0.322265625 0.7158203125 0.322265625 0.7080078125 0.3154296875 0.701171875 0.3095703125 0.701171875
1 0.2958984375 0.560546875 0.294921875 0.5712890625 0.2978515625 0.57421875 0.30078125 0.5732421875 0.3046875 0.5712890625 0.306640625 0.5634765625 0.3037109375 0.560546875 0.2958984375 0.560546875
1 0.2890625 0.3544921875 0.287109375 0.3251953125 0.2802734375 0.322265625 0.27734375 0.3251953125 0.27734375 0.3603515625 0.2734375 0.3662109375 0.275390625 0.3935546875 0.27734375 0.3955078125 0.27734375 0.4287109375 0.279296875 0.4306640625 0.279296875 0.4423828125 0.2880859375 0.44921875 0.29296875 0.4482421875 0.302734375 0.4384765625 0.302734375 0.3857421875 0.298828125 0.3681640625 0.2890625 0.3544921875
1 0.2490234375 0.478515625 0.248046875 0.5009765625 0.255859375 0.5322265625 0.255859375 0.5419921875 0.2578125 0.5478515625 0.26171875 0.5498046875 0.267578125 0.5302734375 0.267578125 0.4853515625 0.2626953125 0.478515625 0.2490234375 0.478515625
1 0.2626953125 0.220703125 0.2509765625 0.220703125 0.248046875 0.2236328125 0.25 0.2685546875 0.255859375 0.2998046875 0.2587890625 0.302734375 0.26171875 0.3017578125 0.26171875 0.2470703125 0.26953125 0.2373046875 0.26953125 0.2294921875 0.2626953125 0.220703125
1 0.283203125 0.1337890625 0.283203125 0.1435546875 0.2861328125 0.146484375 0.29296875 0.1455078125 0.294921875 0.1376953125 0.29296875 0.1318359375 0.2880859375 0.12890625 0.283203125 0.1337890625
1 0.267578125 0.0361328125 0.267578125 0.0458984375 0.2724609375 0.05078125 0.27734375 0.0498046875 0.279296875 0.0361328125 0.27734375 0.0302734375 0.2724609375 0.029296875 0.267578125 0.0361328125
1 0.294921875 0.6806640625 0.2998046875 0.68359375 0.302734375 0.6826171875 0.3046875 0.6767578125 0.2978515625 0.669921875 0.294921875 0.6728515625 0.294921875 0.6806640625