1 0.0927734375 0.572265625 0.0908203125 0.57421875 0.0517578125 0.576171875 0.048828125 0.5791015625 0.0537109375 0.5859375 0.0615234375 0.587890625 0.09375 0.5869140625 0.1044921875 0.583984375 0.109375 0.5771484375 0.1064453125 0.57421875 0.0927734375 0.572265625
1 0.140625 0.5810546875 0.140625 0.5849609375 0.1513671875 0.591796875 0.16796875 0.5908203125 0.17578125 0.5849609375 0.1669921875 0.576171875 0.1494140625 0.576171875 0.140625 0.5810546875
1 0.0947265625 0.609375 0.091796875 0.6123046875 0.091796875 0.6201171875 0.0947265625 0.625 0.1005859375 0.626953125 0.1171875 0.6259765625 0.125 0.6201171875 0.125 0.6142578125 0.1220703125 0.611328125 0.0947265625 0.609375
1 0.1943359375 0.609375 0.1787109375 0.611328125 0.169921875 0.6181640625 0.1728515625 0.625 0.1845703125 0.630859375 0.203125 0.6298828125 0.208984375 0.6259765625 0.208984375 0.6181640625 0.2021484375 0.611328125 0.1943359375 0.609375
1 0.1416015625 0.7265625 0.0849609375 0.7265625 0.076171875 0.7353515625 0.076171875 0.7392578125 0.0849609375 0.748046875 0.0908203125 0.75 0.1123046875 0.75 0.1142578125 0.751953125 0.150390625 0.7509765625 0.15625 0.7490234375 0.16015625 0.7392578125 0.1513671875 0.728515625 0.1416015625 0.7265625
1 0.3466796875 0.64453125 0.3251953125 0.64453125 0.30859375 0.6552734375 0.3095703125 0.673828125 0.349609375 0.6728515625 0.3603515625 0.66796875 0.3671875 0.6611328125 0.3603515625 0.65234375 0.3466796875 0.64453125
1 0.3564453125 0.56640625 0.3349609375 0.56640625 0.328125 0.5712890625 0.328125 0.5810546875 0.3330078125 0.587890625 0.3408203125 0.591796875 0.35546875 0.5908203125 0.365234375 0.5810546875 0.365234375 0.5732421875 0.3603515625 0.568359375 0.3564453125 0.56640625
1 0.4755859375 0.650390625 0.4599609375 0.650390625 0.4443359375 0.65625 0.427734375 0.6669921875 0.42578125 0.6845703125 0.4345703125 0.69140625 0.4560546875 0.69921875 0.478515625 0.6982421875 0.49609375 0.6748046875 0.49609375 0.6630859375 0.4912109375 0.65625 0.4755859375 0.650390625
1 0.228515625 0.6748046875 0.2333984375 0.677734375 0.2421875 0.6767578125 0.24609375 0.6748046875 0.2392578125 0.669921875 0.228515625 0.6708984375 0.228515625 0.6748046875
1 0.4560546875 0.58984375 0.4326171875 0.58984375 0.427734375 0.5947265625 0.427734375 0.6044921875 0.4306640625 0.609375 0.4345703125 0.611328125 0.455078125 0.6103515625 0.462890625 0.6064453125 0.462890625 0.5966796875 0.4599609375 0.591796875 0.4560546875 0.58984375
1 0.6142578125 0.65234375 0.5673828125 0.65234375 0.5625 0.6572265625 0.560546875 0.6708984375 0.5654296875 0.67578125 0.5693359375 0.677734375 0.59375 0.6767578125 0.6162109375 0.673828125 0.62109375 0.6689453125 0.62109375 0.6611328125 0.6142578125 0.65234375
1 0.6982421875 0.619140625 0.6396484375 0.615234375 0.6220703125 0.609375 0.5986328125 0.609375 0.5966796875 0.611328125 0.5517578125 0.609375 0.546875 0.6123046875 0.546875 0.6162109375 0.5517578125 0.62109375 0.5654296875 0.623046875 0.5771484375 0.6328125 0.5849609375 0.6328125 0.5947265625 0.63671875 0.6181640625 0.638671875 0.6201171875 0.63671875 0.6396484375 0.634765625 0.6708984375 0.640625 0.6826171875 0.646484375 0.71875 0.6474609375 0.72265625 0.6416015625 0.716796875 0.6298828125 0.7119140625 0.625 0.6982421875 0.619140625
1 0.82421875 0.7021484375 0.826171875 0.6923828125 0.8212890625 0.6875 0.8017578125 0.685546875 0.7880859375 0.689453125 0.7744140625 0.689453125 0.7587890625 0.6953125 0.7314453125 0.697265625 0.72265625 0.7021484375 0.71875 0.7099609375 0.71875 0.7177734375 0.7275390625 0.7265625 0.748046875 0.7255859375 0.7529296875 0.72265625 0.8017578125 0.720703125 0.8203125 0.7080078125 0.82421875 0.7021484375
1 0.861328125 0.6904296875 0.861328125 0.6943359375 0.8681640625 0.69921875 0.892578125 0.7001953125 0.89453125 0.6923828125 0.8857421875 0.681640625 0.8681640625 0.681640625 0.861328125 0.6904296875
1 1 0.7001953125 0.9970703125 0.697265625 0.9736328125 0.6953125 0.9716796875 0.697265625 0.9560546875 0.697265625 0.953125 0.7001953125 0.953125 0.7099609375 0.9560546875 0.71484375 0.9697265625 0.71875 0.990234375 0.7177734375 1 0.7080078125 1 0.7001953125