1 0.97109375 0.18359375 0.04375 0.0515625
1 0.859375 0.45703125 0.034375 0.0515625
1 0.49140625 0.60078125 0.1 0.1
1 0.590625 0.553125 0.0375 0.04375
1 0.5859375 0.6390625 0.046875 0.0515625
1 0.58359375 0.43828125 0.0515625 0.0546875
1 0.44140625 0.34765625 0.06875 0.071875
1 0.4265625 0.31015625 0.03125 0.0375
1 0.43828125 0.25859375 0.034375 0.04375
1 0.57890625 0.84609375 0.0546875 0.0625
1 0.73828125 0.17265625 0.0859375 0.078125
1 0.45234375 0.7140625 0.040625 0.04375
1 0.2859375 0.95703125 0.0515625 0.04375
1 0.3546875 0.7890625 0.1 0.0796875
1 0.36640625 0.628125 0.06875 0.0515625
1 0.34609375 0.45234375 0.075 0.0625
1 0.271875 0.5546875 0.0515625 0.0546875
1 0.6609375 0.41796875 0.034375 0.040625
1 0.66796875 0.36484375 0.034375 0.0375
1 0.6765625 0.51171875 0.04375 0.04375
1 0.746875 0.48984375 0.040625 0.040625
1 0.76171875 0.628125 0.0375 0.0515625
1 0.81171875 0.56015625 0.028125 0.0515625
1 0.859375 0.57734375 0.040625 0.0515625
1 0.7859375 0.6796875 0.04375 0.0515625
1 0.89375 0.76015625 0.040625 0.0625
1 0.91796875 0.215625 0.034375 0.040625
1 0.7859375 0.2484375 0.0375 0.0375
1 0.95859375 0.696875 0.034375 0.0375
1 0.88515625 0.7 0.0515625 0.0453125
1 0.8203125 0.625 0.03125 0.03125
1 0.82890625 0.33046875 0.034375 0.03125
1 0.7828125 0.09453125 0.04375 0.0375
1 0.621875 0.2 0.0375 0.0375
1 0.7125 0.071875 0.0546875 0.046875
1 0.8765625 0.0703125 0.096875 0.078125
1 0.16796875 0.81640625 0.1234375 0.175
1 0.2140625 0.4796875 0.0375 0.040625
1 0.24453125 0.4484375 0.03125 0.034375
1 0.27421875 0.36640625 0.028125 0.028125
1 0.10625 0.4296875 0.034375 0.0375
1 0.31875 0.2328125 0.040625 0.040625
1 0.0359375 0.425 0.03125 0.040625
1 0.93671875 0.73984375 0.0515625 0.0546875
1 0.50546875 0.7875 0.03125 0.034375
1 0.53046875 0.76015625 0.028125 0.034375
1 0.99453125 0.675 0.009375 0.034375
1 0.90546875 0.1625 0.0515625 0.04375
1 0.89375 0.1265625 0.028125 0.028125
1 0.1640625 0.5703125 0.028125 0.03125
1 0.7875 0.29453125 0.08125 0.0546875
1 0.675 0.75 0.15 0.1234375
1 0.22578125 0.40390625 0.028125 0.034375
1 0.0921875 0.5921875 0.034375 0.0421875
1 0.15234375 0.5375 0.03125 0.034375
1 0.0375 0.86640625 0.0546875 0.0625
1 0.13671875 0.94375 0.028125 0.03125
1 0.253125 0.8015625 0.0203125 0.0203125
1 0.2703125 0.83203125 0.0203125 0.0203125
1 0.253125 0.88359375 0.0203125 0.0203125
1 0.465625 0.89921875 0.08125 0.0921875
1 0.3203125 0.53046875 0.03125 0.040625
1 0.3765625 0.90390625 0.0625 0.0625
1 0.09609375 0.53046875 0.115625 0.103125
1 0.715625 0.5859375 0.096875 0.0890625
1 0.825 0.234375 0.028125 0.025
1 0.8953125 0.353125 0.03125 0.034375
1 0.590625 0.1765625 0.071875 0.04375
1 0.45390625 0.43671875 0.0375 0.03125
1 0.18125 0.4109375 0.0546875 0.0546875
1 0.09453125 0.39375 0.04375 0.046875
1 0.7125 0.83203125 0.0546875 0.040625
1 0.7 0.8046875 0.025 0.0265625
1 0.09765625 0.71953125 0.03125 0.040625
1 0.015625 0.64375 0.03125 0.034375
1 0.484375 0.27578125 0.078125 0.065625
1 0.015625 0.76015625 0.03125 0.0625
1 0.02265625 0.61171875 0.0453125 0.0515625
1 0.47265625 0.17265625 0.109375 0.059375
1 0.63359375 0.88515625 0.028125 0.0375
1 0.571875 0.89921875 0.0546875 0.03125
1 0.77578125 0.06015625 0.03125 0.025
1 0.67265625 0.3375 0.025 0.03125
1 0.5890625 0.23828125 0.028125 0.025