1 0.484375 0.9677734375 0.484375 0.9990234375 0.4921875 0.9990234375 0.490234375 0.9892578125 0.4921875 0.9638671875 0.4892578125 0.958984375 0.484375 0.9677734375
1 0.46484375 0.8935546875 0.4599609375 0.890625 0.4541015625 0.892578125 0.451171875 0.8974609375 0.451171875 0.9248046875 0.4580078125 0.931640625 0.462890625 0.9306640625 0.466796875 0.9228515625 0.466796875 0.9091796875 0.46484375 0.9072265625 0.46484375 0.8935546875
1 0.490234375 0.8330078125 0.490234375 0.8564453125 0.4921875 0.8623046875 0.49609375 0.8623046875 0.498046875 0.8544921875 0.498046875 0.8115234375 0.4951171875 0.80859375 0.490234375 0.8330078125
1 0.462890625 0.6376953125 0.462890625 0.6669921875 0.4609375 0.6689453125 0.462890625 0.6865234375 0.466796875 0.6865234375 0.47265625 0.6748046875 0.47265625 0.6455078125 0.4677734375 0.634765625 0.462890625 0.6376953125
1 0.5390625 0.7626953125 0.537109375 0.7802734375 0.5390625 0.7822265625 0.5390625 0.7958984375 0.544921875 0.8017578125 0.548828125 0.7919921875 0.548828125 0.7607421875 0.5439453125 0.755859375 0.5390625 0.7626953125
1 0.5625 0.8603515625 0.5595703125 0.853515625 0.552734375 0.8623046875 0.55078125 0.8740234375 0.544921875 0.8876953125 0.544921875 0.9228515625 0.5478515625 0.9296875 0.552734375 0.9287109375 0.55859375 0.9111328125 0.560546875 0.8837890625 0.5625 0.8818359375 0.5625 0.8603515625
1 0.564453125 0.7724609375 0.5615234375 0.76953125 0.55859375 0.7705078125 0.556640625 0.7763671875 0.556640625 0.7880859375 0.552734375 0.8017578125 0.556640625 0.8291015625 0.560546875 0.8291015625 0.564453125 0.8134765625 0.5625 0.8115234375 0.564453125 0.8095703125 0.564453125 0.7724609375
1 0.537109375 0.5791015625 0.537109375 0.5986328125 0.5419921875 0.60546875 0.544921875 0.6044921875 0.548828125 0.5986328125 0.548828125 0.5751953125 0.5458984375 0.5703125 0.537109375 0.5791015625
1 0.466796875 0.5517578125 0.466796875 0.5732421875 0.4716796875 0.580078125 0.474609375 0.5791015625 0.478515625 0.5712890625 0.478515625 0.5458984375 0.4736328125 0.541015625 0.466796875 0.5517578125
1 0.556640625 0.5302734375 0.556640625 0.5517578125 0.5546875 0.5537109375 0.556640625 0.5634765625 0.560546875 0.5654296875 0.568359375 0.5517578125 0.568359375 0.5341796875 0.5615234375 0.5234375 0.556640625 0.5302734375
1 0.498046875 0.4912109375 0.498046875 0.5185546875 0.5009765625 0.5234375 0.50390625 0.5224609375 0.5078125 0.5146484375 0.5078125 0.4892578125 0.5048828125 0.484375 0.498046875 0.4912109375
1 0.537109375 0.4697265625 0.53515625 0.4755859375 0.53515625 0.5068359375 0.5400390625 0.51171875 0.54296875 0.5107421875 0.548828125 0.4970703125 0.548828125 0.4716796875 0.5439453125 0.46484375 0.537109375 0.4697265625
1 0.49609375 0.3662109375 0.4912109375 0.357421875 0.486328125 0.3642578125 0.486328125 0.3876953125 0.478515625 0.3935546875 0.478515625 0.4033203125 0.4765625 0.4052734375 0.478515625 0.4404296875 0.484375 0.4404296875 0.48828125 0.4130859375 0.494140625 0.4091796875 0.49609375 0.4013671875 0.49609375 0.3662109375
1 0.525390625 0.4267578125 0.521484375 0.4384765625 0.521484375 0.4638671875 0.5234375 0.4697265625 0.5263671875 0.47265625 0.529296875 0.4716796875 0.533203125 0.4658203125 0.533203125 0.4287109375 0.5302734375 0.423828125 0.525390625 0.4267578125
1 0.54296875 0.4052734375 0.54296875 0.4345703125 0.5458984375 0.4375 0.548828125 0.4365234375 0.552734375 0.4326171875 0.552734375 0.3974609375 0.5478515625 0.39453125 0.54296875 0.4052734375
1 0.5634765625 0.240234375 0.560546875 0.2451171875 0.560546875 0.2568359375 0.55859375 0.2587890625 0.55859375 0.2822265625 0.5615234375 0.287109375 0.56640625 0.2861328125 0.5703125 0.2763671875 0.5703125 0.2490234375 0.568359375 0.2412109375 0.5634765625 0.240234375
1 0.5537109375 0.322265625 0.55078125 0.3291015625 0.55078125 0.3486328125 0.556640625 0.3544921875 0.560546875 0.3505859375 0.5625 0.3310546875 0.560546875 0.3251953125 0.5537109375 0.322265625
1 0.537109375 0.1455078125 0.53515625 0.1181640625 0.5302734375 0.109375 0.52734375 0.1103515625 0.5234375 0.1240234375 0.5234375 0.2041015625 0.529296875 0.2080078125 0.533203125 0.2041015625 0.53515625 0.1962890625 0.53515625 0.1474609375 0.537109375 0.1455078125
1 0.4921875 0.2060546875 0.490234375 0.2158203125 0.490234375 0.2431640625 0.4931640625 0.24609375 0.49609375 0.2451171875 0.5 0.2412109375 0.5 0.2138671875 0.4951171875 0.203125 0.4921875 0.2060546875
1 0.484375 0.2783203125 0.486328125 0.2744140625 0.48046875 0.2685546875 0.48046875 0.2294921875 0.4755859375 0.224609375 0.47265625 0.2275390625 0.47265625 0.2880859375 0.474609375 0.2900390625 0.4765625 0.3134765625 0.4794921875 0.318359375 0.484375 0.3173828125 0.484375 0.3037109375 0.486328125 0.3017578125 0.486328125 0.2822265625 0.484375 0.2783203125
1 0.5146484375 0.25390625 0.51171875 0.2587890625 0.51171875 0.2822265625 0.5146484375 0.287109375 0.517578125 0.2861328125 0.51953125 0.2841796875 0.51953125 0.2607421875 0.517578125 0.2548828125 0.5146484375 0.25390625
1 0.544921875 0.2607421875 0.544921875 0.2431640625 0.5400390625 0.234375 0.53515625 0.2392578125 0.533203125 0.2724609375 0.53125 0.2744140625 0.53125 0.3017578125 0.529296875 0.3037109375 0.53125 0.3212890625 0.5341796875 0.32421875 0.537109375 0.3232421875 0.5390625 0.3193359375 0.5390625 0.2763671875 0.54296875 0.2705078125 0.544921875 0.2607421875
1 0.5224609375 0.271484375 0.51953125 0.2783203125 0.51953125 0.3017578125 0.521484375 0.3076171875 0.525390625 0.3076171875 0.529296875 0.2880859375 0.52734375 0.2861328125 0.52734375 0.2744140625 0.5224609375 0.271484375