1 0.37890625 0.1748046875 0.37890625 0.1630859375 0.3720703125 0.15625 0.369140625 0.1650390625 0.37109375 0.1689453125 0.37109375 0.1962890625 0.375 0.2158203125 0.3779296875 0.21875 0.380859375 0.2177734375 0.380859375 0.2080078125 0.3828125 0.2060546875 0.380859375 0.1767578125 0.37890625 0.1748046875
1 0.4228515625 0.142578125 0.4208984375 0.138671875 0.4169921875 0.138671875 0.4140625 0.1416015625 0.4140625 0.1572265625 0.416015625 0.1591796875 0.41796875 0.1787109375 0.4228515625 0.185546875 0.435546875 0.1845703125 0.435546875 0.1708984375 0.4296875 0.1435546875 0.4267578125 0.140625 0.4228515625 0.142578125
1 0.42578125 0.2314453125 0.427734375 0.2412109375 0.4306640625 0.24609375 0.435546875 0.2451171875 0.435546875 0.2216796875 0.431640625 0.2080078125 0.4267578125 0.205078125 0.42578125 0.2314453125
1 0.3916015625 0.23828125 0.3876953125 0.23828125 0.3837890625 0.234375 0.375 0.2451171875 0.375 0.2490234375 0.37890625 0.2529296875 0.375 0.2568359375 0.376953125 0.2666015625 0.375 0.2763671875 0.37890625 0.2822265625 0.376953125 0.2880859375 0.388671875 0.2978515625 0.3916015625 0.306640625 0.3984375 0.3056640625 0.400390625 0.2841796875 0.3984375 0.2822265625 0.396484375 0.2451171875 0.3916015625 0.23828125
1 0.43359375 0.3662109375 0.435546875 0.3740234375 0.4404296875 0.376953125 0.443359375 0.3759765625 0.443359375 0.3544921875 0.4384765625 0.34765625 0.43359375 0.3544921875 0.43359375 0.3662109375
1 0.4501953125 0.388671875 0.443359375 0.3935546875 0.443359375 0.4013671875 0.4501953125 0.412109375 0.455078125 0.4111328125 0.46484375 0.4033203125 0.46484375 0.3994140625 0.4619140625 0.390625 0.4501953125 0.388671875
1 0.4326171875 0.421875 0.431640625 0.4345703125 0.43359375 0.4365234375 0.435546875 0.4580078125 0.4384765625 0.462890625 0.4453125 0.4619140625 0.4453125 0.4345703125 0.44140625 0.4248046875 0.4384765625 0.421875 0.4326171875 0.421875
1 0.3779296875 0.44140625 0.3740234375 0.44140625 0.375 0.4873046875 0.376953125 0.4951171875 0.3798828125 0.498046875 0.3828125 0.4970703125 0.38671875 0.4892578125 0.38671875 0.4755859375 0.380859375 0.4462890625 0.3779296875 0.44140625
1 0.4384765625 0.521484375 0.4375 0.5595703125 0.439453125 0.5673828125 0.4443359375 0.572265625 0.447265625 0.5712890625 0.44921875 0.5693359375 0.447265625 0.5322265625 0.4453125 0.5244140625 0.4384765625 0.521484375
1 0.4638671875 0.51171875 0.458984375 0.5166015625 0.4609375 0.5341796875 0.4638671875 0.5390625 0.470703125 0.5380859375 0.474609375 0.5322265625 0.474609375 0.5244140625 0.47265625 0.5185546875 0.4638671875 0.51171875
1 0.4619140625 0.552734375 0.45703125 0.5595703125 0.45703125 0.5771484375 0.4609375 0.5966796875 0.4658203125 0.603515625 0.46875 0.6025390625 0.470703125 0.6005859375 0.470703125 0.5615234375 0.46875 0.5556640625 0.4619140625 0.552734375
1 0.427734375 0.6962890625 0.427734375 0.6865234375 0.419921875 0.6533203125 0.4150390625 0.650390625 0.408203125 0.6708984375 0.408203125 0.7060546875 0.416015625 0.7314453125 0.4208984375 0.736328125 0.423828125 0.7353515625 0.4296875 0.7314453125 0.431640625 0.7255859375 0.431640625 0.7060546875 0.427734375 0.6962890625
1 0.453125 0.7626953125 0.458984375 0.7802734375 0.46484375 0.7802734375 0.462890625 0.7490234375 0.4580078125 0.744140625 0.455078125 0.7470703125 0.453125 0.7626953125
1 0.453125 0.8154296875 0.453125 0.8369140625 0.45703125 0.8525390625 0.45703125 0.8779296875 0.458984375 0.8798828125 0.458984375 0.8896484375 0.4619140625 0.892578125 0.46875 0.8916015625 0.46484375 0.8330078125 0.4609375 0.8154296875 0.4560546875 0.8125 0.453125 0.8154296875
1 0.41796875 0.8349609375 0.4130859375 0.830078125 0.408203125 0.8388671875 0.41015625 0.8427734375 0.41015625 0.8642578125 0.4140625 0.8837890625 0.4169921875 0.888671875 0.419921875 0.8876953125 0.421875 0.8837890625 0.421875 0.8583984375 0.419921875 0.8564453125 0.41796875 0.8349609375
1 0.4921875 0.9521484375 0.490234375 0.9267578125 0.4853515625 0.921875 0.484375 0.9521484375 0.4921875 0.9521484375
1 0.41796875 0.9072265625 0.4091796875 0.8984375 0.40625 0.9052734375 0.4033203125 0.908203125 0.400390625 0.9072265625 0.40234375 0.9287109375 0.404296875 0.9365234375 0.4111328125 0.943359375 0.416015625 0.9423828125 0.41796875 0.9404296875 0.419921875 0.9189453125 0.41796875 0.9169921875 0.41796875 0.9072265625
1 0.45703125 0.9755859375 0.4609375 0.9853515625 0.46484375 0.9853515625 0.466796875 0.9833984375 0.46484375 0.9560546875 0.4580078125 0.953125 0.45703125 0.9755859375
1 0.39453125 0.7431640625 0.390625 0.7607421875 0.3974609375 0.76953125 0.4013671875 0.771484375 0.408203125 0.7705078125 0.41015625 0.7666015625 0.41015625 0.7431640625 0.4033203125 0.736328125 0.39453125 0.7431640625
1 0.482421875 0.7197265625 0.482421875 0.7392578125 0.4853515625 0.74609375 0.4892578125 0.74609375 0.4931640625 0.751953125 0.49609375 0.7509765625 0.49609375 0.7236328125 0.494140625 0.7138671875 0.4892578125 0.712890625 0.482421875 0.7197265625
1 0.3896484375 0.587890625 0.38671875 0.5908203125 0.388671875 0.6396484375 0.392578125 0.6591796875 0.3984375 0.6591796875 0.40234375 0.6513671875 0.3984375 0.5908203125 0.3955078125 0.587890625 0.3896484375 0.587890625