1 0.0640625 0.0234375 0.128125 0.046875
1 0.36796875 0.121875 0.1203125 0.04375
1 0.6421875 0.1453125 0.13125 0.06875
1 0.59765625 0.2046875 0.125 0.053125
1 0.1921875 0.2953125 0.1203125 0.0625
1 0.18828125 0.35234375 0.103125 0.05
1 0.2140625 0.41640625 0.140625 0.0546875
1 0.67578125 0.56640625 0.071875 0.0625
1 0.77578125 0.5234375 0.0796875 0.034375
1 0.08828125 0.36171875 0.096875 0.046875
1 0.43984375 0.49140625 0.0796875 0.075
1 0.2359375 0.5515625 0.1203125 0.0625
1 0.02421875 0.4328125 0.046875 0.034375
1 0.2078125 0.621875 0.1359375 0.04375
1 0.13828125 0.584375 0.084375 0.0390625
1 0.21015625 0.71953125 0.140625 0.059375
1 0.38203125 0.6984375 0.1640625 0.06875
1 0.54609375 0.6703125 0.125 0.05
1 0.08828125 0.78359375 0.1359375 0.065625
1 0.26015625 0.85 0.0875 0.0625
1 0.2140625 0.9390625 0.1078125 0.04375
1 0.3859375 0.8765625 0.140625 0.153125
1 0.584375 0.88046875 0.14375 0.0921875
1 0.8296875 0.71796875 0.0921875 0.1046875
1 0.821875 0.88203125 0.140625 0.065625
1 0.88984375 0.93046875 0.1078125 0.0515625
1 0.74765625 0.28984375 0.0875 0.109375