1 0.40390625 0.0375 0.034375 0.0171875
1 0.33046875 0.0640625 0.03125 0.015625
1 0.2796875 0.05703125 0.03125 0.0140625
1 0.24375 0.0921875 0.021875 0.0109375
1 0.4234375 0.26328125 0.0375 0.025
1 0.85234375 0.0984375 0.0265625 0.040625
1 0.8140625 0.21953125 0.0265625 0.040625
1 0.8484375 0.1578125 0.01875 0.015625
1 0.7328125 0.15703125 0.034375 0.021875
1 0.60234375 0.196875 0.03125 0.009375
1 0.8015625 0.26171875 0.021875 0.028125
1 0.71875 0.28359375 0.025 0.034375
1 0.80546875 0.32734375 0.01875 0.01875
1 0.78359375 0.3078125 0.0140625 0.025
1 0.775 0.34140625 0.0171875 0.028125
1 0.771875 0.1953125 0.01875 0.021875
1 0.7671875 0.359375 0.01875 0.015625
1 0.81875 0.27109375 0.021875 0.0140625
1 0.69375 0.33046875 0.03125 0.025
1 0.984375 0.25859375 0.0265625 0.0125
1 0.85703125 0.2765625 0.021875 0.009375
1 0.7671875 0.12578125 0.025 0.0109375
1 0.484375 0.01640625 0.0359375 0.025
1 0.9546875 0.2578125 0.028125 0.0140625
1 0.91484375 0.28046875 0.0171875 0.0109375
1 0.7453125 0.415625 0.01875 0.028125
1 0.5796875 0.478125 0.0140625 0.021875
1 0.60546875 0.4671875 0.01875 0.0171875
1 0.9546875 0.39921875 0.025 0.025
1 0.73671875 0.459375 0.021875 0.025
1 0.73203125 0.503125 0.0359375 0.034375
1 0.709375 0.571875 0.034375 0.025
1 0.6984375 0.61171875 0.0265625 0.025
1 0.71484375 0.6453125 0.0265625 0.025
1 0.92421875 0.43984375 0.0265625 0.0375
1 0.2765625 0.33203125 0.028125 0.025
1 0.525 0.54921875 0.0453125 0.0578125
1 0.72265625 0.60234375 0.03125 0.025
1 0.865625 0.50234375 0.028125 0.03125
1 0.4390625 0.465625 0.040625 0.028125