1 0.8662109375 0.494140625 0.857421875 0.5009765625 0.857421875 0.5068359375 0.8623046875 0.51171875 0.8681640625 0.513671875 0.892578125 0.5126953125 0.900390625 0.5087890625 0.900390625 0.4990234375 0.8916015625 0.494140625 0.8662109375 0.494140625
1 0.9716796875 0.48828125 0.9619140625 0.48828125 0.951171875 0.4951171875 0.94921875 0.5048828125 0.9541015625 0.509765625 0.9580078125 0.51171875 0.974609375 0.5107421875 0.982421875 0.5029296875 0.982421875 0.4951171875 0.9794921875 0.4921875 0.9716796875 0.48828125
1 0.9287109375 0.54296875 0.8916015625 0.541015625 0.875 0.5576171875 0.875 0.5634765625 0.8779296875 0.56640625 0.8837890625 0.56640625 0.8916015625 0.5703125 0.931640625 0.5693359375 0.9375 0.5615234375 0.9375 0.5556640625 0.93359375 0.5458984375 0.9287109375 0.54296875
1 0.8427734375 0.455078125 0.8271484375 0.45703125 0.8203125 0.4638671875 0.8203125 0.4677734375 0.8310546875 0.474609375 0.8515625 0.4736328125 0.857421875 0.4697265625 0.859375 0.4638671875 0.8544921875 0.458984375 0.8427734375 0.455078125
1 0.8037109375 0.474609375 0.80078125 0.4794921875 0.80078125 0.4892578125 0.8037109375 0.4921875 0.810546875 0.4912109375 0.8271484375 0.486328125 0.828125 0.4775390625 0.8212890625 0.47265625 0.8037109375 0.474609375
1 0.9423828125 0.5703125 0.935546875 0.5791015625 0.9375 0.5947265625 0.955078125 0.5966796875 0.966796875 0.5849609375 0.96875 0.5771484375 0.9638671875 0.572265625 0.9423828125 0.5703125
1 0.7666015625 0.5625 0.759765625 0.5693359375 0.7578125 0.5830078125 0.7607421875 0.5859375 0.7646484375 0.587890625 0.798828125 0.5888671875 0.802734375 0.5849609375 0.802734375 0.5693359375 0.7998046875 0.564453125 0.7666015625 0.5625
1 0.73828125 0.5302734375 0.736328125 0.5419921875 0.7412109375 0.546875 0.76171875 0.5458984375 0.765625 0.5439453125 0.765625 0.5322265625 0.7626953125 0.529296875 0.73828125 0.5302734375
1 0.7763671875 0.5390625 0.767578125 0.5498046875 0.7685546875 0.560546875 0.80078125 0.5615234375 0.80078125 0.5478515625 0.7900390625 0.5390625 0.7841796875 0.537109375 0.7763671875 0.5390625
1 0.6435546875 0.50390625 0.62890625 0.5107421875 0.62890625 0.5166015625 0.6337890625 0.521484375 0.6416015625 0.5234375 0.66796875 0.5224609375 0.671875 0.5185546875 0.671875 0.5107421875 0.6669921875 0.505859375 0.6435546875 0.50390625
1 0.5595703125 0.541015625 0.552734375 0.5478515625 0.552734375 0.5556640625 0.5595703125 0.560546875 0.58203125 0.5595703125 0.5859375 0.5537109375 0.58203125 0.5458984375 0.5751953125 0.541015625 0.5595703125 0.541015625
1 0.6162109375 0.57421875 0.5966796875 0.57421875 0.5859375 0.5810546875 0.58984375 0.5947265625 0.5947265625 0.59765625 0.63671875 0.5966796875 0.638671875 0.5947265625 0.630859375 0.5849609375 0.630859375 0.5810546875 0.6162109375 0.57421875
1 0.564453125 0.5751953125 0.564453125 0.5791015625 0.5693359375 0.58203125 0.580078125 0.5810546875 0.583984375 0.5751953125 0.5791015625 0.5703125 0.5693359375 0.5703125 0.564453125 0.5751953125
1 0.4453125 0.4990234375 0.4453125 0.5048828125 0.4501953125 0.509765625 0.470703125 0.5126953125 0.4765625 0.5087890625 0.4755859375 0.49609375 0.4521484375 0.494140625 0.4453125 0.4990234375
1 0.5400390625 0.447265625 0.5107421875 0.447265625 0.494140625 0.4580078125 0.494140625 0.4677734375 0.5009765625 0.47265625 0.5087890625 0.474609375 0.53515625 0.4736328125 0.5400390625 0.47265625 0.544921875 0.4638671875 0.544921875 0.4521484375 0.5400390625 0.447265625
1 0.4130859375 0.58203125 0.4091796875 0.580078125 0.392578125 0.5869140625 0.392578125 0.5927734375 0.3955078125 0.595703125 0.4326171875 0.59765625 0.4345703125 0.599609375 0.44921875 0.5986328125 0.453125 0.5966796875 0.451171875 0.5888671875 0.4384765625 0.58203125 0.4130859375 0.58203125
1 0.3408203125 0.533203125 0.3212890625 0.53125 0.310546875 0.5380859375 0.310546875 0.5498046875 0.3173828125 0.55859375 0.3232421875 0.560546875 0.33984375 0.5595703125 0.34375 0.5556640625 0.345703125 0.5478515625 0.345703125 0.5419921875 0.3408203125 0.533203125
1 0.3193359375 0.58984375 0.3125 0.5947265625 0.3134765625 0.59765625 0.3212890625 0.599609375 0.349609375 0.5986328125 0.353515625 0.5966796875 0.353515625 0.5927734375 0.3408203125 0.5859375 0.3193359375 0.58984375
1 0.2685546875 0.58203125 0.2607421875 0.58203125 0.255859375 0.5869140625 0.255859375 0.5908203125 0.2607421875 0.595703125 0.2890625 0.5947265625 0.291015625 0.5810546875 0.2861328125 0.576171875 0.2802734375 0.576171875 0.2685546875 0.58203125
1 0.3740234375 0.474609375 0.3779296875 0.470703125 0.3876953125 0.470703125 0.3984375 0.4619140625 0.40234375 0.4482421875 0.3974609375 0.4453125 0.3466796875 0.4453125 0.34375 0.4697265625 0.3486328125 0.4765625 0.3515625 0.4755859375 0.3564453125 0.47265625 0.3583984375 0.474609375 0.3662109375 0.47265625 0.3740234375 0.474609375
1 0.2431640625 0.541015625 0.2392578125 0.5390625 0.2177734375 0.5390625 0.21484375 0.5419921875 0.21484375 0.5576171875 0.212890625 0.5595703125 0.21484375 0.5791015625 0.23046875 0.5791015625 0.2392578125 0.576171875 0.251953125 0.5634765625 0.25390625 0.5576171875 0.2431640625 0.541015625
1 0.0927734375 0.546875 0.0830078125 0.546875 0.080078125 0.5517578125 0.08203125 0.5732421875 0.0849609375 0.578125 0.146484375 0.5771484375 0.1484375 0.5556640625 0.1455078125 0.546875 0.0947265625 0.544921875 0.0927734375 0.546875
1 0.3271484375 0.4765625 0.318359375 0.4833984375 0.3271484375 0.4921875 0.345703125 0.4912109375 0.349609375 0.4873046875 0.349609375 0.4794921875 0.3427734375 0.474609375 0.3271484375 0.4765625
1 0.869140625 0.4501953125 0.869140625 0.4560546875 0.8779296875 0.4609375 0.90234375 0.4599609375 0.904296875 0.4521484375 0.8994140625 0.447265625 0.8779296875 0.447265625 0.869140625 0.4501953125