1 0.4203125 0.6484375 0.109375 0.225
1 0.28984375 0.57265625 0.0578125 0.13125
1 0.2703125 0.66875 0.046875 0.1125
1 0.2625 0.36015625 0.046875 0.15625
1 0.78828125 0.7625 0.096875 0.2140625
1 0.93671875 0.66484375 0.06875 0.2
1 0.91484375 0.45625 0.1265625 0.159375
1 0.56015625 0.1 0.090625 0.1484375
1 0.52890625 0.26484375 0.05 0.0796875
1 0.4078125 0.23203125 0.040625 0.065625
1 0.6359375 0.91484375 0.090625 0.0984375
1 0.55078125 0.8625 0.0359375 0.04375
1 0.353125 0.225 0.06875 0.0875
1 0.19375 0.09765625 0.084375 0.0796875