1 0.4814453125 0.541015625 0.4501953125 0.541015625 0.43359375 0.5478515625 0.43359375 0.5537109375 0.4404296875 0.560546875 0.4541015625 0.564453125 0.4609375 0.5634765625 0.4814453125 0.560546875 0.486328125 0.5556640625 0.484375 0.5439453125 0.4814453125 0.541015625
1 0.4091796875 0.51171875 0.4013671875 0.509765625 0.3857421875 0.513671875 0.37890625 0.5224609375 0.3857421875 0.529296875 0.396484375 0.5283203125 0.4091796875 0.52734375 0.4140625 0.5224609375 0.4140625 0.5185546875 0.4091796875 0.51171875
1 0.2958984375 0.537109375 0.2822265625 0.537109375 0.2802734375 0.533203125 0.2685546875 0.533203125 0.2646484375 0.537109375 0.2470703125 0.54296875 0.2421875 0.5478515625 0.2421875 0.5537109375 0.2509765625 0.560546875 0.28515625 0.5615234375 0.2958984375 0.560546875 0.30078125 0.5556640625 0.298828125 0.5400390625 0.2958984375 0.537109375
1 0.2548828125 0.478515625 0.2421875 0.4853515625 0.240234375 0.5029296875 0.2451171875 0.5078125 0.26953125 0.5068359375 0.275390625 0.5029296875 0.275390625 0.4833984375 0.2705078125 0.478515625 0.2548828125 0.478515625
1 0.1962890625 0.515625 0.1982421875 0.513671875 0.2060546875 0.515625 0.208984375 0.5126953125 0.20703125 0.5107421875 0.205078125 0.4736328125 0.2001953125 0.462890625 0.1982421875 0.46484375 0.1943359375 0.462890625 0.1748046875 0.46484375 0.1708984375 0.46875 0.1533203125 0.46875 0.1455078125 0.47265625 0.1396484375 0.47265625 0.1376953125 0.4765625 0.1259765625 0.478515625 0.1220703125 0.482421875 0.1103515625 0.482421875 0.1015625 0.4873046875 0.103515625 0.4912109375 0.099609375 0.4970703125 0.1083984375 0.5078125 0.1181640625 0.51171875 0.1220703125 0.509765625 0.1240234375 0.51171875 0.1396484375 0.509765625 0.1474609375 0.521484375 0.16015625 0.5205078125 0.1669921875 0.517578125 0.1748046875 0.51953125 0.1826171875 0.515625 0.1962890625 0.515625
1 0 0.5126953125 0.0048828125 0.515625 0.046875 0.5146484375 0.0595703125 0.51171875 0.072265625 0.5126953125 0.07421875 0.4951171875 0.072265625 0.4931640625 0.0703125 0.4658203125 0.0673828125 0.462890625 0.0576171875 0.462890625 0.0556640625 0.46484375 0.0537109375 0.462890625 0.0517578125 0.46484375 0.0205078125 0.466796875 0.0185546875 0.46875 0.0087890625 0.46875 0.0068359375 0.466796875 0 0.4736328125 0 0.5126953125
1 0.2763671875 0.4375 0.2744140625 0.439453125 0.2392578125 0.44140625 0.234375 0.4443359375 0.236328125 0.4541015625 0.2392578125 0.45703125 0.263671875 0.4560546875 0.2705078125 0.455078125 0.29296875 0.4404296875 0.2900390625 0.4375 0.2763671875 0.4375
1 0.3837890625 0.4296875 0.3935546875 0.435546875 0.3955078125 0.431640625 0.3994140625 0.43359375 0.400390625 0.4267578125 0.3935546875 0.423828125 0.3837890625 0.427734375 0.3603515625 0.427734375 0.3583984375 0.4296875 0.3271484375 0.43359375 0.322265625 0.4384765625 0.322265625 0.4443359375 0.3271484375 0.44921875 0.361328125 0.4482421875 0.3759765625 0.443359375 0.380859375 0.4384765625 0.380859375 0.4326171875 0.3837890625 0.4296875
1 0.5048828125 0.431640625 0.4970703125 0.435546875 0.4755859375 0.43359375 0.47265625 0.4365234375 0.47265625 0.4462890625 0.4755859375 0.453125 0.4814453125 0.455078125 0.50390625 0.4541015625 0.5087890625 0.453125 0.521484375 0.4404296875 0.5146484375 0.431640625 0.5048828125 0.431640625
1 0.51953125 0.4287109375 0.5224609375 0.435546875 0.548828125 0.4345703125 0.552734375 0.4306640625 0.5498046875 0.42578125 0.5302734375 0.42578125 0.51953125 0.4287109375
1 0.5126953125 0.45703125 0.5068359375 0.458984375 0.5029296875 0.45703125 0.4794921875 0.458984375 0.47265625 0.4638671875 0.4755859375 0.47265625 0.4892578125 0.47265625 0.4912109375 0.470703125 0.4931640625 0.47265625 0.51953125 0.4716796875 0.5302734375 0.46875 0.53125 0.4638671875 0.5185546875 0.4609375 0.5126953125 0.45703125
1 0.671875 0.4111328125 0.671875 0.4326171875 0.6748046875 0.4375 0.6962890625 0.435546875 0.7099609375 0.439453125 0.736328125 0.4384765625 0.73828125 0.4111328125 0.7333984375 0.404296875 0.6787109375 0.40625 0.671875 0.4111328125
1 0.5869140625 0.482421875 0.5625 0.4892578125 0.5634765625 0.498046875 0.5693359375 0.5 0.5859375 0.4990234375 0.6083984375 0.49609375 0.611328125 0.4931640625 0.609375 0.4833984375 0.5869140625 0.482421875
1 0.73828125 0.4326171875 0.7353515625 0.4296875 0.7275390625 0.4296875 0.7255859375 0.431640625 0.7060546875 0.43359375 0.703125 0.4365234375 0.703125 0.4501953125 0.70703125 0.4580078125 0.724609375 0.4580078125 0.7314453125 0.45703125 0.73828125 0.4521484375 0.740234375 0.4462890625 0.73828125 0.4326171875
1 0.734375 0.4423828125 0.7255859375 0.4375 0.7080078125 0.44140625 0.7001953125 0.4375 0.6923828125 0.4375 0.6845703125 0.4453125 0.6767578125 0.44140625 0.673828125 0.4443359375 0.673828125 0.4541015625 0.671875 0.4560546875 0.67578125 0.4716796875 0.701171875 0.4716796875 0.7041015625 0.466796875 0.7294921875 0.4609375 0.736328125 0.4501953125 0.734375 0.4423828125
1 0.861328125 0.4736328125 0.8544921875 0.466796875 0.8486328125 0.46875 0.8408203125 0.46484375 0.8115234375 0.46484375 0.7998046875 0.470703125 0.796875 0.4755859375 0.796875 0.4814453125 0.8056640625 0.48828125 0.826171875 0.4873046875 0.8349609375 0.486328125 0.8486328125 0.478515625 0.8564453125 0.478515625 0.861328125 0.4736328125
1 0.7490234375 0.494140625 0.744140625 0.4990234375 0.744140625 0.5048828125 0.7490234375 0.513671875 0.765625 0.5126953125 0.7724609375 0.509765625 0.77734375 0.5029296875 0.7763671875 0.49609375 0.7490234375 0.494140625
1 0.7822265625 0.49609375 0.7529296875 0.49609375 0.74609375 0.5009765625 0.748046875 0.5107421875 0.755859375 0.5146484375 0.7587890625 0.5234375 0.779296875 0.5244140625 0.8037109375 0.5234375 0.806640625 0.5205078125 0.806640625 0.5087890625 0.7822265625 0.49609375
1 0.8505859375 0.509765625 0.8271484375 0.51171875 0.8212890625 0.513671875 0.81640625 0.5205078125 0.81640625 0.5302734375 0.8193359375 0.533203125 0.845703125 0.5322265625 0.8544921875 0.53125 0.857421875 0.5283203125 0.85546875 0.5126953125 0.8505859375 0.509765625
1 0.9736328125 0.419921875 0.9599609375 0.421875 0.9541015625 0.42578125 0.94140625 0.4287109375 0.939453125 0.4384765625 0.9443359375 0.4453125 0.9609375 0.4443359375 0.9697265625 0.44140625 0.9765625 0.4345703125 0.978515625 0.4248046875 0.9736328125 0.419921875
1 0.9052734375 0.458984375 0.892578125 0.4677734375 0.892578125 0.4775390625 0.8955078125 0.48046875 0.9013671875 0.482421875 0.919921875 0.4814453125 0.927734375 0.4775390625 0.927734375 0.4677734375 0.9208984375 0.4609375 0.9052734375 0.458984375
1 0.873046875 0.4326171875 0.875 0.4189453125 0.8662109375 0.396484375 0.8583984375 0.39453125 0.8193359375 0.39453125 0.810546875 0.3994140625 0.806640625 0.4072265625 0.806640625 0.4326171875 0.80859375 0.4365234375 0.8154296875 0.439453125 0.8232421875 0.4375 0.8291015625 0.44140625 0.83984375 0.4404296875 0.8544921875 0.439453125 0.8623046875 0.435546875 0.8701171875 0.435546875 0.873046875 0.4326171875
1 0.9287109375 0.404296875 0.935546875 0.3994140625 0.935546875 0.3935546875 0.9326171875 0.388671875 0.9072265625 0.390625 0.8974609375 0.3828125 0.8896484375 0.380859375 0.8701171875 0.3828125 0.8671875 0.3857421875 0.869140625 0.4052734375 0.8759765625 0.412109375 0.888671875 0.4111328125 0.9013671875 0.408203125 0.9072265625 0.404296875 0.9111328125 0.40625 0.9287109375 0.404296875