1 0.77734375 0.27734375 0.278125 0.16875
1 0.72265625 0.21328125 0.065625 0.040625
1 0.85 0.578125 0.08125 0.0765625
1 0.6109375 0.75 0.10625 0.0765625
1 0.75390625 0.86484375 0.06875 0.04375
1 0.4109375 0.4796875 0.1203125 0.1125
1 0.4140625 0.68828125 0.1421875 0.10625
1 0.24453125 0.86484375 0.08125 0.05
1 0.05859375 0.8171875 0.08125 0.05
1 0.11875 0.978125 0.1203125 0.04375
1 0.9796875 0.16640625 0.040625 0.0546875
1 0.0546875 0.3140625 0.065625 0.059375
1 0.3390625 0.32265625 0.0375 0.0328125
1 0.53984375 0.2296875 0.059375 0.04375
1 0.4328125 0.15859375 0.06875 0.046875
1 0.69375 0.46171875 0.2921875 0.1859375