1 0.70625 0.25390625 0.165625 0.275
1 0.7703125 0.3078125 0.040625 0.065625
1 0.4078125 0.18125 0.075 0.0796875
1 0.2375 0.41875 0.075 0.1046875
1 0.1234375 0.27734375 0.04375 0.06875
1 0.50546875 0.61796875 0.1125 0.11875
1 0.29921875 0.6140625 0.1046875 0.140625
1 0.1234375 0.7828125 0.05 0.0796875
1 0.17109375 0.96328125 0.0515625 0.0734375
1 0.01640625 0.9078125 0.0328125 0.11875
1 0.81796875 0.0359375 0.0546875 0.071875
1 0.67109375 0.96875 0.0578125 0.0625
1 0.6609375 0.68828125 0.0328125 0.0359375
1 0.75390625 0.4890625 0.04375 0.0578125
1 0.82421875 0.59609375 0.046875 0.06875
1 0.5234375 0.33671875 0.184375 0.290625