1 0.51171875 0.8875 0.1375 0.0578125
1 0.465625 0.7734375 0.1125 0.084375
1 0.26171875 0.65546875 0.2046875 0.1015625
1 0.83515625 0.7265625 0.125 0.221875
1 0.57421875 0.5890625 0.1703125 0.1265625
1 0.32421875 0.509375 0.215625 0.06875
1 0.215625 0.4421875 0.1375 0.04375
1 0.32421875 0.33515625 0.125 0.11875
1 0.278125 0.15390625 0.1703125 0.1625
1 0.94296875 0.396875 0.1125 0.2
1 0.9484375 0.96015625 0.103125 0.0796875
1 0.73828125 0.42421875 0.1375 0.13125
1 0.625 0.38984375 0.159375 0.0546875
1 0.4828125 0.15234375 0.103125 0.065625
1 0.721875 0.1484375 0.103125 0.04375
1 0.63046875 0.0921875 0.103125 0.046875
1 0.30703125 0.00390625 0.1375 0.00625
1 0.51171875 0.0109375 0.1375 0.021875
1 0.9140625 0.0078125 0.125 0.015625
1 0.05078125 0.025 0.0796875 0.028125