1 0.70234375 0.41953125 0.275 0.0921875
1 0.7109375 0.55625 0.3046875 0.1
1 0.75859375 0.16953125 0.25 0.0796875
1 0.6640625 0.9140625 0.2796875 0.075
1 0.5 0.77734375 0.253125 0.0890625
1 0.3734375 0.675 0.115625 0.0546875
1 0.2671875 0.65390625 0.171875 0.075
1 0.31875 0.29453125 0.275 0.096875
1 0.29140625 0.246875 0.1640625 0.08125
1 0.1453125 0.228125 0.1609375 0.0859375
1 0.56015625 0.13671875 0.209375 0.075
1 0.5515625 0.08359375 0.20625 0.0515625
1 0.7 0.00546875 0.1609375 0.009375
1 0.95234375 0.72265625 0.075 0.034375
1 0.2703125 0.94375 0.096875 0.04375
1 0.26171875 0.7875 0.0859375 0.046875
1 0.99296875 0.8921875 0.0140625 0.065625