1 0.58203125 0.81328125 0.178125 0.09375
1 0.53359375 0.55625 0.1640625 0.096875
1 0.409375 0.5 0.140625 0.084375
1 0.9109375 0.24453125 0.065625 0.0421875
1 0.58359375 0.46484375 0.05625 0.0421875
1 0.53671875 0.4125 0.09375 0.0765625
1 0.30390625 0.21640625 0.1125 0.0703125
1 0.059375 0.40703125 0.11875 0.109375
1 0.24140625 0.61328125 0.1609375 0.1015625
1 0.115625 0.746875 0.140625 0.121875
1 0.09453125 0.85703125 0.140625 0.153125
1 0.0140625 0.90390625 0.028125 0.1375
1 0.63125 0.03359375 0.178125 0.065625
1 0.3953125 0.0609375 0.0625 0.0375