1 0.453125 0.1025390625 0.453125 0.1259765625 0.4560546875 0.12890625 0.4609375 0.1279296875 0.46484375 0.1240234375 0.46484375 0.1064453125 0.4580078125 0.095703125 0.453125 0.1025390625
1 0.4345703125 0.140625 0.423828125 0.1513671875 0.421875 0.1650390625 0.4365234375 0.1796875 0.443359375 0.1787109375 0.44921875 0.1630859375 0.447265625 0.1513671875 0.4404296875 0.142578125 0.4345703125 0.140625
1 0.498046875 0.1650390625 0.4853515625 0.154296875 0.4765625 0.1669921875 0.474609375 0.1787109375 0.470703125 0.1806640625 0.470703125 0.1845703125 0.46484375 0.1904296875 0.462890625 0.2353515625 0.46484375 0.2373046875 0.46484375 0.2470703125 0.4697265625 0.255859375 0.494140625 0.2548828125 0.498046875 0.2373046875 0.498046875 0.1806640625 0.5 0.1728515625 0.498046875 0.1650390625
1 0.4462890625 0.224609375 0.4404296875 0.224609375 0.435546875 0.2333984375 0.435546875 0.2587890625 0.4404296875 0.265625 0.447265625 0.2646484375 0.451171875 0.2509765625 0.44921875 0.2490234375 0.44921875 0.2314453125 0.4462890625 0.224609375
1 0.4345703125 0.265625 0.4306640625 0.267578125 0.4091796875 0.265625 0.408203125 0.2841796875 0.40625 0.2861328125 0.408203125 0.2978515625 0.4150390625 0.296875 0.4189453125 0.30078125 0.423828125 0.2998046875 0.4326171875 0.298828125 0.435546875 0.2958984375 0.4375 0.2685546875 0.4345703125 0.265625
1 0.498046875 0.3310546875 0.49609375 0.3291015625 0.4951171875 0.314453125 0.4892578125 0.318359375 0.4736328125 0.322265625 0.46875 0.3310546875 0.470703125 0.3525390625 0.4765625 0.3525390625 0.482421875 0.3662109375 0.490234375 0.3740234375 0.48828125 0.3798828125 0.4921875 0.3798828125 0.494140625 0.3779296875 0.4921875 0.3720703125 0.498046875 0.3701171875 0.498046875 0.3310546875
1 0.48046875 0.3603515625 0.478515625 0.3544921875 0.4716796875 0.34765625 0.4658203125 0.34765625 0.453125 0.3603515625 0.453125 0.3720703125 0.4619140625 0.384765625 0.470703125 0.3837890625 0.474609375 0.3818359375 0.474609375 0.3759765625 0.478515625 0.3740234375 0.48046875 0.3603515625
1 0.4501953125 0.451171875 0.447265625 0.4619140625 0.44921875 0.4658203125 0.44921875 0.4833984375 0.458984375 0.4833984375 0.4609375 0.4736328125 0.458984375 0.4716796875 0.458984375 0.4521484375 0.4501953125 0.451171875
1 0.490234375 0.5009765625 0.490234375 0.5166015625 0.48828125 0.5185546875 0.48828125 0.5498046875 0.4912109375 0.552734375 0.49609375 0.5517578125 0.5 0.5380859375 0.5 0.4990234375 0.4970703125 0.494140625 0.490234375 0.5009765625
1 0.4873046875 0.53125 0.4697265625 0.533203125 0.466796875 0.5458984375 0.462890625 0.5517578125 0.466796875 0.5634765625 0.466796875 0.5732421875 0.4697265625 0.578125 0.490234375 0.5771484375 0.4951171875 0.576171875 0.498046875 0.5693359375 0.49609375 0.5341796875 0.4873046875 0.53125
1 0.4248046875 0.57421875 0.4140625 0.5810546875 0.416015625 0.6298828125 0.419921875 0.6318359375 0.4267578125 0.62890625 0.431640625 0.6220703125 0.431640625 0.5830078125 0.4248046875 0.57421875
1 0.4453125 0.6513671875 0.447265625 0.6669921875 0.4501953125 0.669921875 0.455078125 0.6689453125 0.45703125 0.6455078125 0.4541015625 0.642578125 0.4482421875 0.642578125 0.4453125 0.6513671875
1 0.498046875 0.6787109375 0.498046875 0.7021484375 0.501953125 0.7177734375 0.509765625 0.7197265625 0.51171875 0.7177734375 0.51171875 0.6669921875 0.5048828125 0.6640625 0.498046875 0.6787109375
1 0.4375 0.7744140625 0.4375 0.7841796875 0.439453125 0.7919921875 0.4423828125 0.794921875 0.4453125 0.7939453125 0.447265625 0.7919921875 0.447265625 0.7724609375 0.4423828125 0.76953125 0.4375 0.7744140625
1 0.4736328125 0.771484375 0.470703125 0.7763671875 0.47265625 0.7998046875 0.4755859375 0.802734375 0.482421875 0.8017578125 0.48828125 0.7900390625 0.486328125 0.7744140625 0.4833984375 0.771484375 0.4736328125 0.771484375
1 0.49609375 0.9111328125 0.498046875 0.9052734375 0.49609375 0.8681640625 0.4892578125 0.859375 0.478515625 0.8642578125 0.470703125 0.8818359375 0.470703125 0.8974609375 0.4765625 0.9033203125 0.474609375 0.9072265625 0.4765625 0.9228515625 0.4794921875 0.927734375 0.486328125 0.9267578125 0.48046875 0.9248046875 0.4931640625 0.923828125 0.498046875 0.9130859375 0.49609375 0.9111328125
1 0.5087890625 0.7421875 0.5078125 0.7470703125 0.501953125 0.7529296875 0.5 0.7763671875 0.501953125 0.7783203125 0.501953125 0.7958984375 0.5087890625 0.8046875 0.51171875 0.8037109375 0.513671875 0.7861328125 0.51171875 0.7841796875 0.51171875 0.7451171875 0.5087890625 0.7421875
1 0.42578125 0.2451171875 0.427734375 0.2255859375 0.4228515625 0.220703125 0.4072265625 0.21875 0.404296875 0.2275390625 0.40625 0.2314453125 0.40625 0.2509765625 0.412109375 0.2568359375 0.419921875 0.2509765625 0.4208984375 0.2421875 0.4228515625 0.24609375 0.42578125 0.2451171875
1 0.5009765625 0.962890625 0.4990234375 0.96484375 0.4970703125 0.962890625 0.4853515625 0.96484375 0.482421875 0.9990234375 0.515625 0.9990234375 0.515625 0.9658203125 0.5126953125 0.962890625 0.5107421875 0.96484375 0.5009765625 0.962890625