1 0.11796875 0.5109375 0.05625 0.134375
1 0.23046875 0.55546875 0.08125 0.1109375
1 0.34609375 0.75546875 0.1 0.2
1 0.2765625 0.19453125 0.21875 0.121875
1 0.4125 0.45 0.125 0.165625
1 0.49140625 0.69453125 0.06875 0.2109375
1 0.55703125 0.8 0.04375 0.134375
1 0.6625 0.69453125 0.11875 0.121875
1 0.84140625 0.7390625 0.1609375 0.165625
1 0.6015625 0.078125 0.196875 0.134375
1 0.04296875 0.0671875 0.0859375 0.134375
1 0.575 0.2890625 0.128125 0.134375
1 0.60859375 0.4 0.053125 0.15625
1 0.84296875 0.5390625 0.0640625 0.1
1 0.84609375 0.30546875 0.04375 0.1
1 0.9015625 0.39453125 0.046875 0.1
1 0.99296875 0.7109375 0.0140625 0.134375
1 0.98515625 0.51171875 0.0296875 0.1328125
1 0.9890625 0.11640625 0.021875 0.121875
1 0.96796875 0.9609375 0.028125 0.078125