1 0.310546875 0.1767578125 0.3125 0.1923828125 0.3193359375 0.19921875 0.328125 0.1982421875 0.330078125 0.1923828125 0.326171875 0.1826171875 0.3134765625 0.173828125 0.310546875 0.1767578125
1 0.279296875 0.1279296875 0.28125 0.1240234375 0.2763671875 0.12109375 0.275390625 0.1259765625 0.279296875 0.1279296875
1 0.267578125 0.1142578125 0.265625 0.1123046875 0.2685546875 0.111328125 0.2705078125 0.115234375 0.275390625 0.1162109375 0.2685546875 0.10546875 0.2646484375 0.10546875 0.2607421875 0.111328125 0.25390625 0.1142578125 0.26171875 0.1318359375 0.265625 0.1337890625 0.267578125 0.1298828125 0.267578125 0.1201171875 0.265625 0.1181640625 0.267578125 0.1142578125
1 0.4296875 0.2431640625 0.4248046875 0.23828125 0.4189453125 0.23828125 0.41796875 0.2353515625 0.4287109375 0.234375 0.4296875 0.2314453125 0.4267578125 0.228515625 0.4189453125 0.23046875 0.4111328125 0.2265625 0.4033203125 0.228515625 0.4013671875 0.224609375 0.3916015625 0.224609375 0.388671875 0.2275390625 0.388671875 0.2353515625 0.39453125 0.2431640625 0.4150390625 0.2578125 0.419921875 0.2568359375 0.41796875 0.2509765625 0.4248046875 0.25 0.4267578125 0.251953125 0.4296875 0.2431640625
1 0.41796875 0.3681640625 0.408203125 0.3583984375 0.4033203125 0.349609375 0.3916015625 0.345703125 0.40625 0.3740234375 0.40625 0.3779296875 0.419921875 0.3974609375 0.421875 0.4052734375 0.4287109375 0.40625 0.4345703125 0.4140625 0.439453125 0.4150390625 0.44140625 0.4091796875 0.43359375 0.4033203125 0.43359375 0.3955078125 0.41796875 0.3681640625
1 0.484375 0.4931640625 0.4833984375 0.486328125 0.4765625 0.4873046875 0.4794921875 0.494140625 0.484375 0.4931640625
1 0.568359375 0.5556640625 0.5732421875 0.560546875 0.578125 0.5595703125 0.5703125 0.5458984375 0.5673828125 0.544921875 0.56640625 0.5517578125 0.568359375 0.5556640625
1 0.78515625 0.7978515625 0.7724609375 0.791015625 0.7666015625 0.79296875 0.763671875 0.7958984375 0.765625 0.7978515625 0.763671875 0.7998046875 0.763671875 0.8095703125 0.7744140625 0.814453125 0.7822265625 0.82421875 0.78515625 0.8232421875 0.78515625 0.8193359375 0.791015625 0.8134765625 0.787109375 0.8076171875 0.78515625 0.7978515625
1 0.8251953125 0.888671875 0.8310546875 0.88671875 0.8349609375 0.890625 0.837890625 0.8896484375 0.8359375 0.8837890625 0.8291015625 0.876953125 0.82421875 0.8798828125 0.8251953125 0.888671875
1 0.7763671875 0.796875 0.7734375 0.8056640625 0.779296875 0.8154296875 0.78125 0.8251953125 0.7841796875 0.828125 0.796875 0.8271484375 0.796875 0.8173828125 0.791015625 0.8076171875 0.7802734375 0.794921875 0.7763671875 0.796875
1 0.806640625 0.8603515625 0.8076171875 0.857421875 0.8095703125 0.859375 0.814453125 0.8544921875 0.814453125 0.8505859375 0.8115234375 0.849609375 0.8076171875 0.853515625 0.8017578125 0.84765625 0.7978515625 0.84765625 0.798828125 0.8388671875 0.7919921875 0.8359375 0.787109375 0.8408203125 0.791015625 0.8427734375 0.79296875 0.8662109375 0.80078125 0.8740234375 0.8037109375 0.8828125 0.8154296875 0.888671875 0.8203125 0.8876953125 0.818359375 0.8779296875 0.8203125 0.8662109375 0.8115234375 0.865234375 0.806640625 0.8603515625