1 0.400390625 0.7998046875 0.40234375 0.7978515625 0.40234375 0.7783203125 0.400390625 0.7705078125 0.3935546875 0.767578125 0.388671875 0.7763671875 0.38671875 0.8369140625 0.3896484375 0.83984375 0.396484375 0.8388671875 0.400390625 0.8212890625 0.400390625 0.8056640625 0.40234375 0.8037109375 0.400390625 0.7998046875
1 0.3818359375 0.921875 0.3759765625 0.921875 0.37109375 0.9287109375 0.37109375 0.9365234375 0.3671875 0.9423828125 0.365234375 0.9853515625 0.3681640625 1 0.3828125 0.9990234375 0.380859375 0.9912109375 0.384765625 0.9794921875 0.384765625 0.9248046875 0.3818359375 0.921875
1 0.455078125 0.9716796875 0.451171875 0.9873046875 0.453125 0.9892578125 0.451171875 0.9990234375 0.47265625 0.9990234375 0.478515625 0.9697265625 0.4755859375 0.9609375 0.4638671875 0.9609375 0.455078125 0.9716796875
1 0.4189453125 0.71484375 0.416015625 0.7158203125 0.4140625 0.7255859375 0.4140625 0.7783203125 0.41796875 0.7802734375 0.419921875 0.7587890625 0.421875 0.7568359375 0.421875 0.7177734375 0.4189453125 0.71484375
1 0.3857421875 0.654296875 0.3828125 0.6708984375 0.388671875 0.6826171875 0.39453125 0.6826171875 0.400390625 0.6591796875 0.3935546875 0.654296875 0.3896484375 0.65625 0.3857421875 0.654296875
1 0.44140625 0.5849609375 0.443359375 0.5556640625 0.4384765625 0.544921875 0.4365234375 0.546875 0.4287109375 0.541015625 0.4189453125 0.541015625 0.4169921875 0.54296875 0.4130859375 0.5390625 0.4052734375 0.537109375 0.4013671875 0.5390625 0.3974609375 0.53125 0.39453125 0.5341796875 0.392578125 0.5439453125 0.388671875 0.6083984375 0.3974609375 0.611328125 0.404296875 0.6103515625 0.4248046875 0.60546875 0.435546875 0.5947265625 0.435546875 0.5888671875 0.44140625 0.5849609375
1 0.48046875 0.7216796875 0.482421875 0.7138671875 0.486328125 0.7119140625 0.48828125 0.6845703125 0.490234375 0.6826171875 0.486328125 0.6689453125 0.48828125 0.6669921875 0.482421875 0.6669921875 0.48046875 0.6494140625 0.4755859375 0.64453125 0.4697265625 0.646484375 0.462890625 0.6533203125 0.458984375 0.6630859375 0.458984375 0.6923828125 0.45703125 0.6943359375 0.458984375 0.7041015625 0.45703125 0.7060546875 0.45703125 0.7236328125 0.455078125 0.7275390625 0.4609375 0.7451171875 0.46484375 0.7451171875 0.4736328125 0.7421875 0.478515625 0.7373046875 0.482421875 0.7255859375 0.48046875 0.7216796875
1 0.49609375 0.7783203125 0.498046875 0.7783203125 0.5 0.7763671875 0.4990234375 0.76953125 0.49609375 0.7744140625 0.49609375 0.7783203125
1 0.505859375 0.3857421875 0.50390625 0.3759765625 0.505859375 0.3740234375 0.505859375 0.3642578125 0.50390625 0.3623046875 0.50390625 0.3525390625 0.4970703125 0.34765625 0.494140625 0.3525390625 0.494140625 0.3662109375 0.4921875 0.3681640625 0.494140625 0.3759765625 0.4921875 0.3798828125 0.4921875 0.4130859375 0.490234375 0.4150390625 0.4921875 0.4248046875 0.484375 0.4443359375 0.494140625 0.4521484375 0.4970703125 0.458984375 0.5 0.4580078125 0.5 0.4501953125 0.50390625 0.4482421875 0.50390625 0.3876953125 0.505859375 0.3857421875
1 0.431640625 0.4111328125 0.427734375 0.4091796875 0.4267578125 0.404296875 0.4189453125 0.40625 0.4111328125 0.404296875 0.404296875 0.4111328125 0.40234375 0.4462890625 0.4111328125 0.45703125 0.421875 0.4580078125 0.4267578125 0.45703125 0.43359375 0.4482421875 0.43359375 0.4208984375 0.431640625 0.4111328125
1 0.3994140625 0.48046875 0.396484375 0.4873046875 0.396484375 0.4951171875 0.40625 0.4970703125 0.41796875 0.4912109375 0.41796875 0.4833984375 0.4111328125 0.478515625 0.3994140625 0.48046875
1 0.47265625 0.3525390625 0.46875 0.3466796875 0.47265625 0.3369140625 0.470703125 0.3349609375 0.470703125 0.3173828125 0.4619140625 0.3125 0.4326171875 0.3125 0.42578125 0.3193359375 0.427734375 0.3291015625 0.42578125 0.3349609375 0.4296875 0.3447265625 0.427734375 0.3486328125 0.43359375 0.3583984375 0.43359375 0.3662109375 0.4423828125 0.3671875 0.4462890625 0.37109375 0.458984375 0.3701171875 0.462890625 0.3681640625 0.466796875 0.3544921875 0.4697265625 0.35546875 0.47265625 0.3525390625
1 0.5390625 0.1826171875 0.541015625 0.1767578125 0.537109375 0.1650390625 0.5283203125 0.15625 0.5224609375 0.154296875 0.515625 0.1630859375 0.513671875 0.2119140625 0.5166015625 0.216796875 0.533203125 0.2177734375 0.5390625 0.2119140625 0.5390625 0.1943359375 0.541015625 0.1923828125 0.5390625 0.1826171875
1 0.486328125 0.1552734375 0.490234375 0.1474609375 0.48828125 0.1279296875 0.484375 0.1142578125 0.4814453125 0.111328125 0.470703125 0.1220703125 0.47265625 0.1279296875 0.46875 0.1318359375 0.466796875 0.1591796875 0.46484375 0.1611328125 0.466796875 0.1787109375 0.470703125 0.1884765625 0.4736328125 0.19140625 0.48046875 0.1904296875 0.48828125 0.1806640625 0.486328125 0.1748046875 0.48828125 0.1591796875 0.486328125 0.1552734375
1 0.427734375 0.2919921875 0.4296875 0.2900390625 0.4296875 0.2666015625 0.4248046875 0.251953125 0.421875 0.2529296875 0.419921875 0.2763671875 0.41796875 0.2783203125 0.41796875 0.3017578125 0.416015625 0.3037109375 0.416015625 0.3271484375 0.41796875 0.3271484375 0.41796875 0.3232421875 0.427734375 0.3056640625 0.4296875 0.2958984375 0.427734375 0.2919921875
1 0.4423828125 0 0.439453125 0.0107421875 0.43359375 0.0966796875 0.4404296875 0.095703125 0.439453125 0.0986328125 0.443359375 0.1025390625 0.443359375 0.1064453125 0.4501953125 0.111328125 0.453125 0.1103515625 0.458984375 0.1025390625 0.462890625 0.0869140625 0.462890625 0.0732421875 0.46484375 0.0712890625 0.462890625 0.0634765625 0.46484375 0.0615234375 0.46484375 0.0380859375 0.466796875 0.0361328125 0.46484375 0.0341796875 0.46484375 0.0244140625 0.466796875 0.0224609375 0.46484375 0.0185546875 0.470703125 0.0146484375 0.46484375 0.0087890625 0.46875 0.0068359375 0.4697265625 0 0.4423828125 0
1 0.53125 0.4189453125 0.5302734375 0.3984375 0.52734375 0.4013671875 0.52734375 0.4111328125 0.5234375 0.4169921875 0.525390625 0.4228515625 0.5234375 0.4248046875 0.5234375 0.4599609375 0.5205078125 0.462890625 0.51953125 0.4580078125 0.517578125 0.4580078125 0.51953125 0.4716796875 0.517578125 0.4736328125 0.517578125 0.4951171875 0.515625 0.4970703125 0.5185546875 0.501953125 0.521484375 0.5009765625 0.5234375 0.4814453125 0.525390625 0.4794921875 0.52734375 0.4326171875 0.53125 0.4189453125