1 0.07578125 0.90234375 0.0671875 0.1953125
1 0.1171875 0.396875 0.034375 0.165625
1 0.0390625 0.1765625 0.078125 0.2546875
1 0.3109375 0.1421875 0.1015625 0.165625
1 0.17734375 0.8875 0.0515625 0.0875
1 0.24453125 0.7796875 0.0609375 0.165625
1 0.19296875 0.31875 0.025 0.225
1 0.421875 0.3578125 0.0390625 0.20625
1 0.36875 0.8578125 0.0234375 0.128125
1 0.54296875 0.23515625 0.0875 0.11875
1 0.50234375 0.80390625 0.025 0.1375
1 0.68203125 0.90234375 0.0390625 0.1765625
1 0.68203125 0.13203125 0.090625 0.128125
1 0.70234375 0.33828125 0.096875 0.2453125
1 0.88671875 0.29375 0.040625 0.3140625
1 0.9609375 0.41171875 0.05625 0.15625
1 0.94921875 0.76953125 0.05 0.225
1 0.83984375 0.6125 0.025 0.1859375
1 0.77734375 0.784375 0.034375 0.1375
1 0.43828125 0.61796875 0.0328125 0.15625
1 0.41953125 0.91640625 0.0390625 0.165625
1 0.58515625 0.6421875 0.0453125 0.146875
1 0.6171875 0.83828125 0.04375 0.225