1 0.22734375 0.83046875 0.071875 0.0640625
1 0.1828125 0.50078125 0.065625 0.075
1 0.53203125 0.8171875 0.05625 0.096875
1 0.6765625 0.72890625 0.0625 0.1
1 0.76875 0.56328125 0.075 0.14375
1 0.6546875 0.45390625 0.096875 0.165625
1 0.5765625 0.35546875 0.075 0.09375
1 0.60703125 0.040625 0.075 0.0671875
1 0.3046875 0.646875 0.040625 0.103125
1 0.3484375 0.3640625 0.075 0.103125
1 0.8125 0.221875 0.0421875 0.0890625
1 0.28671875 0.23671875 0.040625 0.046875
1 0.234375 0.54453125 0.0265625 0.0453125
1 0.14765625 0.665625 0.021875 0.071875
1 0.37734375 0.14375 0.021875 0.06875
1 0.8484375 0.6875 0.028125 0.075
1 0.72421875 0.953125 0.034375 0.0734375