1 0.9875 0.921875 0.025 0.03125
1 0.98984375 0.78671875 0.01875 0.05625
1 0.88046875 0.61640625 0.071875 0.1203125
1 0.88515625 0.46875 0.0640625 0.0671875
1 0.89453125 0.31171875 0.0671875 0.1125
1 0.909375 0.840625 0.04375 0.0625
1 0.6359375 0.83046875 0.0421875 0.0671875
1 0.6328125 0.578125 0.0703125 0.0765625
1 0.5515625 0.625 0.04375 0.0765625
1 0.52109375 0.7578125 0.0421875 0.0640625
1 0.7890625 0.2484375 0.06875 0.0421875
1 0.62890625 0.43203125 0.0421875 0.0359375
1 0.49453125 0.42890625 0.053125 0.0640625
1 0.51875 0.865625 0.046875 0.0875
1 0.48671875 0.921875 0.05625 0.0625
1 0.31484375 0.95234375 0.053125 0.0953125
1 0.3703125 0.64609375 0.040625 0.0515625
1 0.465625 0.80390625 0.065625 0.0609375
1 0.64140625 0.05078125 0.059375 0.0625
1 0.3375 0.359375 0.046875 0.0375
1 0.1078125 0.55390625 0.0625 0.05625
1 0.46875 0.2 0.05625 0.04375
1 0.41484375 0.19609375 0.0421875 0.053125
1 0.01171875 0.69296875 0.021875 0.09375
1 0.1234375 0.0203125 0.0640625 0.034375
1 0.10078125 0.11171875 0.05 0.05625
1 0.56640625 0.24921875 0.05 0.040625
1 0.72265625 0.26796875 0.028125 0.028125