1 0.54765625 0.4203125 0.178125 0.1765625
1 0.70078125 0.61953125 0.1578125 0.11875
1 0.83046875 0.57890625 0.096875 0.1046875
1 0.2625 0.28359375 0.1328125 0.14375
1 0.3109375 0.4421875 0.1625 0.10625
1 0.11015625 0.365625 0.209375 0.134375
1 0.94375 0.325 0.059375 0.0671875
1 0.8390625 0.71484375 0.190625 0.08125
1 0.534375 0.69765625 0.1546875 0.109375
1 0.24921875 0.5234375 0.096875 0.0875
1 0.475 0.25859375 0.0859375 0.05625
1 0.125 0.57734375 0.175 0.103125
1 0.2734375 0.6375 0.13125 0.0859375
1 0.03125 0.57734375 0.0625 0.196875
1 0.4203125 0.659375 0.046875 0.09375
1 0.81171875 0.47734375 0.2171875 0.0859375
1 0.59140625 0.303125 0.08125 0.096875