1 0.30390625 0.27265625 0.1609375 0.265625
1 0.24296875 0.325 0.0375 0.0625
1 0.59296875 0.203125 0.0734375 0.0765625
1 0.75703125 0.43203125 0.0734375 0.1015625
1 0.8671875 0.2953125 0.0421875 0.065625
1 0.4984375 0.62421875 0.109375 0.115625
1 0.69765625 0.6203125 0.1015625 0.1375
1 0.8671875 0.78359375 0.05 0.0765625
1 0.821875 0.96171875 0.05 0.0765625
1 0.97734375 0.90390625 0.0453125 0.115625
1 0.19765625 0.04921875 0.053125 0.096875
1 0.0140625 0.340625 0.028125 0.109375
1 0.3390625 0.96484375 0.05625 0.0625
1 0.34765625 0.6921875 0.03125 0.034375
1 0.25859375 0.5 0.0421875 0.05625
1 0.190625 0.603125 0.0453125 0.065625
1 0.48046875 0.353125 0.178125 0.2796875