1 0.078125 0.93671875 0.15625 0.071875
1 0.58828125 0.89375 0.178125 0.0375
1 0.821875 0.96796875 0.271875 0.0640625
1 0.859375 0.68671875 0.178125 0.109375
1 0.06796875 0.82890625 0.09375 0.05625
1 0.18203125 0.75703125 0.178125 0.065625
1 0.671875 0.8125 0.240625 0.028125
1 0.63046875 0.5671875 0.21875 0.040625
1 0.09921875 0.62421875 0.134375 0.0265625
1 0.76015625 0.4375 0.125 0.09375
1 0.15625 0.48125 0.146875 0.028125
1 0.07265625 0.28984375 0.1453125 0.0421875
1 0.86953125 0.2890625 0.134375 0.096875
1 0.65078125 0.2671875 0.259375 0.103125
1 0.69765625 0.0703125 0.334375 0.04375
1 0.571875 0.0109375 0.165625 0.021875
1 0.1921875 0.015625 0.240625 0.03125
1 0.359375 0.1203125 0.196875 0.028125
1 0.17734375 0.1875 0.146875 0.0375
1 0.35390625 0.55 0.165625 0.034375
1 0.0625 0.56953125 0.125 0.040625
1 0.328125 0.3921875 0.15625 0.0484375
1 0.11953125 0.359375 0.2390625 0.046875