1 0.515625 0.3857421875 0.515625 0.3681640625 0.4697265625 0.3671875 0.4677734375 0.365234375 0.4619140625 0.3671875 0.4599609375 0.365234375 0.45703125 0.3779296875 0.458984375 0.3798828125 0.458984375 0.4189453125 0.4609375 0.4228515625 0.4658203125 0.427734375 0.4716796875 0.423828125 0.4853515625 0.4296875 0.505859375 0.4287109375 0.5126953125 0.42578125 0.51953125 0.4189453125 0.51953125 0.3935546875 0.515625 0.3857421875
1 0.5263671875 0.21484375 0.5166015625 0.21484375 0.509765625 0.2236328125 0.509765625 0.2412109375 0.5185546875 0.248046875 0.525390625 0.2470703125 0.5322265625 0.24609375 0.53515625 0.2431640625 0.53515625 0.2216796875 0.5263671875 0.21484375
1 0.6279296875 0.208984375 0.6220703125 0.205078125 0.6083984375 0.205078125 0.595703125 0.2177734375 0.59765625 0.2294921875 0.6025390625 0.236328125 0.63671875 0.2353515625 0.642578125 0.2314453125 0.642578125 0.2197265625 0.6376953125 0.2109375 0.6279296875 0.208984375
1 0.5693359375 0.328125 0.5498046875 0.328125 0.546875 0.3310546875 0.546875 0.3583984375 0.5517578125 0.36328125 0.56640625 0.3623046875 0.576171875 0.3583984375 0.578125 0.3388671875 0.57421875 0.3310546875 0.5693359375 0.328125
1 0.5869140625 0.49609375 0.580078125 0.5009765625 0.578125 0.5283203125 0.5849609375 0.5390625 0.599609375 0.5380859375 0.603515625 0.5341796875 0.6015625 0.5029296875 0.5966796875 0.498046875 0.5869140625 0.49609375
1 0.6337890625 0.419921875 0.62890625 0.4248046875 0.625 0.4345703125 0.626953125 0.4462890625 0.6376953125 0.453125 0.65625 0.4541015625 0.66015625 0.4443359375 0.65625 0.4169921875 0.6533203125 0.4140625 0.6337890625 0.419921875
1 0.5224609375 0.6796875 0.513671875 0.6884765625 0.513671875 0.7041015625 0.5205078125 0.712890625 0.533203125 0.7119140625 0.541015625 0.7021484375 0.541015625 0.6904296875 0.5302734375 0.6796875 0.5224609375 0.6796875
1 0.5703125 0.6630859375 0.5634765625 0.66015625 0.5595703125 0.654296875 0.5458984375 0.654296875 0.533203125 0.6650390625 0.53125 0.6826171875 0.5341796875 0.685546875 0.55859375 0.6865234375 0.5625 0.6845703125 0.5625 0.6806640625 0.5703125 0.6689453125 0.5703125 0.6630859375
1 0.5947265625 0.708984375 0.5810546875 0.7109375 0.576171875 0.7197265625 0.578125 0.7412109375 0.5869140625 0.75 0.595703125 0.7490234375 0.6005859375 0.748046875 0.60546875 0.7412109375 0.60546875 0.7197265625 0.5947265625 0.708984375
1 0.5205078125 0.728515625 0.5126953125 0.724609375 0.5009765625 0.724609375 0.49609375 0.7275390625 0.494140625 0.7353515625 0.49609375 0.7509765625 0.5009765625 0.7578125 0.51171875 0.7587890625 0.5224609375 0.7578125 0.529296875 0.7529296875 0.529296875 0.7373046875 0.5205078125 0.728515625
1 0.5888671875 0.794921875 0.5791015625 0.798828125 0.57421875 0.8037109375 0.57421875 0.8154296875 0.5810546875 0.822265625 0.59375 0.8212890625 0.6015625 0.8154296875 0.603515625 0.8037109375 0.5947265625 0.794921875 0.5888671875 0.794921875
1 0.6572265625 0.8359375 0.6396484375 0.8359375 0.634765625 0.8408203125 0.634765625 0.8447265625 0.640625 0.8603515625 0.6474609375 0.8671875 0.65625 0.8662109375 0.662109375 0.8603515625 0.6640625 0.8544921875 0.662109375 0.8408203125 0.6572265625 0.8359375
1 0.74609375 0.7841796875 0.748046875 0.7802734375 0.74609375 0.7763671875 0.74609375 0.7490234375 0.744140625 0.7470703125 0.744140625 0.7353515625 0.740234375 0.7294921875 0.740234375 0.7197265625 0.7314453125 0.712890625 0.6982421875 0.712890625 0.6962890625 0.71484375 0.6943359375 0.712890625 0.6787109375 0.712890625 0.6630859375 0.716796875 0.646484375 0.7392578125 0.646484375 0.7490234375 0.65234375 0.7724609375 0.6708984375 0.783203125 0.6748046875 0.78125 0.6865234375 0.787109375 0.6884765625 0.78515625 0.6943359375 0.796875 0.7080078125 0.80078125 0.7119140625 0.806640625 0.71875 0.8056640625 0.7353515625 0.796875 0.7431640625 0.796875 0.748046875 0.7880859375 0.74609375 0.7841796875
1 0.7080078125 0.595703125 0.7021484375 0.595703125 0.6982421875 0.6015625 0.6923828125 0.603515625 0.68359375 0.6123046875 0.6796875 0.6201171875 0.6796875 0.6376953125 0.6865234375 0.65234375 0.6923828125 0.654296875 0.70703125 0.6533203125 0.7216796875 0.650390625 0.724609375 0.6357421875 0.71875 0.6083984375 0.7080078125 0.595703125
1 0.6240234375 0.59765625 0.62109375 0.6103515625 0.623046875 0.6181640625 0.6279296875 0.62109375 0.63671875 0.6201171875 0.640625 0.6162109375 0.642578125 0.6005859375 0.6396484375 0.59765625 0.6240234375 0.59765625
1 0.6484375 0.6279296875 0.646484375 0.6416015625 0.6533203125 0.650390625 0.66015625 0.6533203125 0.66796875 0.6513671875 0.66796875 0.6259765625 0.6591796875 0.623046875 0.6484375 0.6279296875
1 0.6806640625 0.43359375 0.67578125 0.4384765625 0.67578125 0.4482421875 0.6826171875 0.455078125 0.693359375 0.4541015625 0.697265625 0.4443359375 0.6953125 0.4365234375 0.6904296875 0.43359375 0.6806640625 0.43359375
1 0.6943359375 0.455078125 0.689453125 0.4599609375 0.689453125 0.4814453125 0.6962890625 0.486328125 0.703125 0.4853515625 0.708984375 0.4814453125 0.70703125 0.4599609375 0.7041015625 0.455078125 0.6943359375 0.455078125
1 0.720703125 0.2900390625 0.716796875 0.2802734375 0.7138671875 0.27734375 0.6923828125 0.27734375 0.685546875 0.2861328125 0.6875 0.3173828125 0.6962890625 0.328125 0.7021484375 0.330078125 0.71875 0.3291015625 0.72265625 0.3212890625 0.72265625 0.3095703125 0.720703125 0.3076171875 0.720703125 0.2900390625
1 0.7041015625 0.201171875 0.6953125 0.2060546875 0.69140625 0.2333984375 0.7060546875 0.248046875 0.712890625 0.2470703125 0.71484375 0.2392578125 0.712890625 0.2373046875 0.7109375 0.2060546875 0.7041015625 0.201171875
1 0.6826171875 0.15625 0.6708984375 0.16015625 0.66015625 0.1689453125 0.658203125 0.1806640625 0.6611328125 0.18359375 0.6708984375 0.185546875 0.6767578125 0.189453125 0.689453125 0.1884765625 0.693359375 0.1865234375 0.6953125 0.1728515625 0.6884765625 0.158203125 0.6826171875 0.15625
1 0.654296875 0.1083984375 0.65234375 0.0830078125 0.646484375 0.0595703125 0.6416015625 0.056640625 0.638671875 0.0595703125 0.640625 0.0673828125 0.6376953125 0.0703125 0.6298828125 0.0703125 0.625 0.0654296875 0.626953125 0.0615234375 0.6201171875 0.05859375 0.615234375 0.0654296875 0.615234375 0.0693359375 0.603515625 0.0810546875 0.603515625 0.0888671875 0.599609375 0.0986328125 0.6015625 0.1044921875 0.59765625 0.1103515625 0.59765625 0.1162109375 0.6015625 0.1201171875 0.599609375 0.1298828125 0.6015625 0.1376953125 0.6083984375 0.14453125 0.6103515625 0.142578125 0.6142578125 0.146484375 0.6318359375 0.15234375 0.642578125 0.1513671875 0.658203125 0.1416015625 0.662109375 0.1337890625 0.662109375 0.1181640625 0.654296875 0.1083984375
1 0.6064453125 0 0.603515625 0.0048828125 0.60546875 0.0068359375 0.60546875 0.0263671875 0.609375 0.0380859375 0.6240234375 0.056640625 0.634765625 0.0556640625 0.6435546875 0.052734375 0.6484375 0.0458984375 0.6484375 0.0341796875 0.65234375 0.0224609375 0.65234375 0.0029296875 0.6494140625 0 0.6064453125 0