1 0.3642578125 0 0.36328125 0.0166015625 0.3671875 0.0263671875 0.3720703125 0.03125 0.38671875 0.0302734375 0.390625 0.0244140625 0.390625 0.0146484375 0.39453125 0.0009765625 0.3642578125 0
1 0.3642578125 0.13671875 0.3544921875 0.1328125 0.34765625 0.1396484375 0.34765625 0.1650390625 0.3515625 0.1787109375 0.3564453125 0.181640625 0.359375 0.1806640625 0.3671875 0.1748046875 0.373046875 0.1533203125 0.369140625 0.1416015625 0.3642578125 0.13671875
1 0.529296875 0.0751953125 0.5185546875 0.060546875 0.5048828125 0.07421875 0.4970703125 0.076171875 0.4921875 0.0810546875 0.486328125 0.0947265625 0.486328125 0.1005859375 0.47265625 0.1162109375 0.474609375 0.1376953125 0.4765625 0.1435546875 0.484375 0.1513671875 0.484375 0.1552734375 0.5009765625 0.169921875 0.5107421875 0.17578125 0.513671875 0.1748046875 0.5263671875 0.171875 0.53515625 0.1611328125 0.533203125 0.0908203125 0.529296875 0.0751953125
1 0.48828125 0.2158203125 0.48828125 0.2392578125 0.494140625 0.2529296875 0.4970703125 0.255859375 0.50390625 0.2548828125 0.505859375 0.2197265625 0.50390625 0.2099609375 0.4990234375 0.20703125 0.48828125 0.2158203125
1 0.603515625 0.2509765625 0.59765625 0.2236328125 0.5927734375 0.21484375 0.5849609375 0.212890625 0.576171875 0.2197265625 0.57421875 0.2548828125 0.576171875 0.2568359375 0.576171875 0.2705078125 0.580078125 0.2783203125 0.580078125 0.2900390625 0.5849609375 0.296875 0.591796875 0.2958984375 0.6015625 0.2880859375 0.60546875 0.2685546875 0.603515625 0.2666015625 0.603515625 0.2509765625
1 0.5224609375 0.2890625 0.515625 0.2958984375 0.51953125 0.3212890625 0.5263671875 0.330078125 0.53125 0.3291015625 0.537109375 0.3232421875 0.53515625 0.2998046875 0.5283203125 0.291015625 0.5224609375 0.2890625
1 0.556640625 0.3837890625 0.5546875 0.3818359375 0.5546875 0.3720703125 0.5478515625 0.369140625 0.537109375 0.3779296875 0.533203125 0.3876953125 0.53515625 0.4169921875 0.544921875 0.4423828125 0.5556640625 0.451171875 0.55859375 0.4501953125 0.560546875 0.4482421875 0.560546875 0.4306640625 0.55859375 0.4287109375 0.556640625 0.3837890625
1 0.41796875 0.3642578125 0.416015625 0.3564453125 0.4013671875 0.3359375 0.3876953125 0.330078125 0.3818359375 0.330078125 0.376953125 0.3330078125 0.37109375 0.3505859375 0.37109375 0.3740234375 0.375 0.3837890625 0.376953125 0.4091796875 0.380859375 0.4189453125 0.3876953125 0.42578125 0.3955078125 0.4296875 0.40625 0.4287109375 0.4140625 0.4150390625 0.4140625 0.4013671875 0.41796875 0.3935546875 0.41796875 0.3642578125
1 0.4697265625 0.494140625 0.4619140625 0.490234375 0.4560546875 0.4921875 0.44921875 0.5029296875 0.44921875 0.5283203125 0.455078125 0.5439453125 0.4619140625 0.55078125 0.474609375 0.5498046875 0.48046875 0.5439453125 0.484375 0.5322265625 0.482421875 0.5087890625 0.4697265625 0.494140625
1 0.63671875 0.4970703125 0.6337890625 0.494140625 0.6259765625 0.494140625 0.6181640625 0.501953125 0.6064453125 0.501953125 0.599609375 0.5107421875 0.599609375 0.5185546875 0.6015625 0.5205078125 0.6015625 0.5302734375 0.611328125 0.5556640625 0.6240234375 0.5703125 0.6279296875 0.572265625 0.634765625 0.5712890625 0.640625 0.5673828125 0.642578125 0.5341796875 0.638671875 0.5224609375 0.63671875 0.4970703125
1 0.51953125 0.7314453125 0.51953125 0.7158203125 0.513671875 0.6943359375 0.505859375 0.6826171875 0.49609375 0.6591796875 0.4892578125 0.654296875 0.4775390625 0.654296875 0.4736328125 0.650390625 0.4658203125 0.650390625 0.451171875 0.6826171875 0.451171875 0.7021484375 0.455078125 0.7119140625 0.45703125 0.7275390625 0.466796875 0.7470703125 0.4716796875 0.751953125 0.48046875 0.7529296875 0.4970703125 0.7421875 0.5009765625 0.744140625 0.5107421875 0.7421875 0.51953125 0.7314453125
1 0.544921875 0.9736328125 0.544921875 0.9560546875 0.54296875 0.9541015625 0.54296875 0.9365234375 0.541015625 0.9345703125 0.541015625 0.9052734375 0.5390625 0.9033203125 0.5390625 0.8740234375 0.537109375 0.8720703125 0.537109375 0.8564453125 0.5341796875 0.8515625 0.5283203125 0.853515625 0.5205078125 0.853515625 0.5146484375 0.849609375 0.4970703125 0.8515625 0.4736328125 0.869140625 0.470703125 0.8740234375 0.47265625 0.9287109375 0.474609375 0.9306640625 0.4765625 0.9521484375 0.48046875 0.9599609375 0.486328125 0.9638671875 0.48828125 0.9736328125 0.4931640625 0.978515625 0.5078125 0.9794921875 0.5146484375 0.978515625 0.5302734375 0.96875 0.5400390625 0.9765625 0.544921875 0.9736328125
1 0.671875 0.8427734375 0.669921875 0.8408203125 0.669921875 0.8017578125 0.666015625 0.7822265625 0.6630859375 0.779296875 0.6494140625 0.77734375 0.6416015625 0.779296875 0.634765625 0.7900390625 0.634765625 0.8037109375 0.630859375 0.8173828125 0.630859375 0.8408203125 0.640625 0.8681640625 0.6455078125 0.873046875 0.65234375 0.8720703125 0.6572265625 0.8671875 0.6630859375 0.8671875 0.669921875 0.8623046875 0.671875 0.8427734375
1 0.607421875 0.3388671875 0.603515625 0.3466796875 0.603515625 0.3564453125 0.6083984375 0.365234375 0.6201171875 0.369140625 0.6240234375 0.373046875 0.626953125 0.3720703125 0.623046875 0.3349609375 0.6181640625 0.330078125 0.6142578125 0.3359375 0.607421875 0.3388671875
1 0.5048828125 0.3125 0.49609375 0.3232421875 0.49609375 0.3349609375 0.5009765625 0.33984375 0.5078125 0.3388671875 0.51171875 0.3291015625 0.509765625 0.3271484375 0.509765625 0.3154296875 0.5048828125 0.3125
1 0.552734375 0.2333984375 0.55078125 0.2294921875 0.552734375 0.2236328125 0.548828125 0.2138671875 0.5380859375 0.205078125 0.529296875 0.2099609375 0.525390625 0.2177734375 0.5234375 0.2314453125 0.5283203125 0.240234375 0.5322265625 0.236328125 0.5361328125 0.2421875 0.54296875 0.2431640625 0.5458984375 0.240234375 0.548828125 0.2412109375 0.544921875 0.2373046875 0.552734375 0.2333984375