1 0.349609375 0.1904296875 0.3544921875 0.185546875 0.365234375 0.1826171875 0.3671875 0.1455078125 0.365234375 0.1435546875 0.36328125 0.1142578125 0.357421875 0.1123046875 0.361328125 0.1064453125 0.35546875 0.1044921875 0.35546875 0.0986328125 0.3486328125 0.087890625 0.3427734375 0.08984375 0.3388671875 0.095703125 0.33203125 0.0947265625 0.328125 0.1005859375 0.328125 0.1162109375 0.330078125 0.1181640625 0.330078125 0.1318359375 0.337890625 0.1669921875 0.337890625 0.1767578125 0.345703125 0.1982421875 0.345703125 0.2099609375 0.349609375 0.2099609375 0.3515625 0.2080078125 0.3515625 0.2041015625 0.34765625 0.2001953125 0.349609375 0.1904296875
1 0.4814453125 0.283203125 0.4892578125 0.291015625 0.4921875 0.2900390625 0.4921875 0.2763671875 0.490234375 0.2744140625 0.486328125 0.2412109375 0.4775390625 0.205078125 0.4736328125 0.212890625 0.4716796875 0.2109375 0.4521484375 0.2109375 0.4404296875 0.21484375 0.4365234375 0.212890625 0.43359375 0.2197265625 0.43359375 0.2333984375 0.435546875 0.2353515625 0.435546875 0.2470703125 0.439453125 0.2509765625 0.439453125 0.2626953125 0.44140625 0.2646484375 0.439453125 0.2724609375 0.443359375 0.2900390625 0.4521484375 0.298828125 0.4609375 0.2978515625 0.4677734375 0.291015625 0.4775390625 0.29296875 0.478515625 0.2861328125 0.4814453125 0.283203125
1 0.39453125 0.1767578125 0.392578125 0.1669921875 0.3896484375 0.1640625 0.384765625 0.1689453125 0.3828125 0.1767578125 0.37890625 0.2255859375 0.380859375 0.2275390625 0.380859375 0.2470703125 0.3837890625 0.251953125 0.390625 0.2509765625 0.396484375 0.2451171875 0.3984375 0.2080078125 0.396484375 0.2060546875 0.39453125 0.1767578125
1 0.3974609375 0.3984375 0.4150390625 0.400390625 0.4228515625 0.3984375 0.4296875 0.3916015625 0.431640625 0.3857421875 0.4296875 0.3818359375 0.431640625 0.3779296875 0.4296875 0.3564453125 0.42578125 0.3486328125 0.4208984375 0.349609375 0.41796875 0.3427734375 0.4111328125 0.3359375 0.4013671875 0.3359375 0.3876953125 0.33203125 0.3798828125 0.333984375 0.3759765625 0.337890625 0.369140625 0.3369140625 0.373046875 0.3759765625 0.380859375 0.4052734375 0.37890625 0.4072265625 0.3828125 0.4111328125 0.3828125 0.3994140625 0.3857421875 0.396484375 0.3896484375 0.400390625 0.3974609375 0.3984375
1 0.4267578125 0.533203125 0.4296875 0.5283203125 0.4296875 0.4931640625 0.42578125 0.4853515625 0.427734375 0.4814453125 0.421875 0.4775390625 0.423828125 0.4736328125 0.419921875 0.4716796875 0.4208984375 0.46875 0.42578125 0.4677734375 0.4228515625 0.46484375 0.4169921875 0.46484375 0.4052734375 0.451171875 0.3994140625 0.451171875 0.3955078125 0.443359375 0.3935546875 0.447265625 0.3916015625 0.4453125 0.38671875 0.4462890625 0.38671875 0.4658203125 0.388671875 0.4677734375 0.388671875 0.4833984375 0.40234375 0.5556640625 0.40625 0.5576171875 0.408203125 0.5419921875 0.4189453125 0.533203125 0.4228515625 0.53515625 0.4267578125 0.533203125
1 0.47265625 0.5966796875 0.47265625 0.5908203125 0.4677734375 0.58984375 0.4599609375 0.58203125 0.4462890625 0.58203125 0.4365234375 0.5859375 0.43359375 0.6005859375 0.435546875 0.6083984375 0.431640625 0.6181640625 0.4375 0.6240234375 0.43359375 0.6298828125 0.4443359375 0.63671875 0.466796875 0.6357421875 0.4736328125 0.634765625 0.4765625 0.6298828125 0.4765625 0.6005859375 0.47265625 0.5966796875
1 0.4912109375 0.755859375 0.486328125 0.7587890625 0.486328125 0.7822265625 0.490234375 0.7998046875 0.48828125 0.8017578125 0.494140625 0.8271484375 0.4921875 0.8291015625 0.4970703125 0.833984375 0.501953125 0.8330078125 0.50390625 0.8310546875 0.501953125 0.7802734375 0.498046875 0.7607421875 0.4912109375 0.755859375
1 0.5078125 0.5849609375 0.509765625 0.5751953125 0.5078125 0.5537109375 0.50390625 0.5478515625 0.505859375 0.5380859375 0.50390625 0.5361328125 0.50390625 0.5244140625 0.5009765625 0.51953125 0.49609375 0.5185546875 0.498046875 0.5126953125 0.494140625 0.5068359375 0.4833984375 0.505859375 0.482421875 0.5107421875 0.486328125 0.5166015625 0.4833984375 0.515625 0.48046875 0.5205078125 0.48046875 0.5439453125 0.482421875 0.5458984375 0.48046875 0.5517578125 0.482421875 0.5810546875 0.48046875 0.5849609375 0.486328125 0.5947265625 0.482421875 0.5986328125 0.4873046875 0.603515625 0.49609375 0.6044921875 0.501953125 0.6005859375 0.501953125 0.5947265625 0.509765625 0.5869140625 0.5078125 0.5849609375
1 0.5576171875 0.78515625 0.572265625 0.7861328125 0.56640625 0.7255859375 0.564453125 0.7158203125 0.5615234375 0.712890625 0.55859375 0.7138671875 0.5595703125 0.72265625 0.556640625 0.7216796875 0.5537109375 0.712890625 0.5478515625 0.71484375 0.5419921875 0.712890625 0.52734375 0.7275390625 0.525390625 0.7470703125 0.52734375 0.7490234375 0.529296875 0.7744140625 0.53515625 0.7802734375 0.537109375 0.7998046875 0.544921875 0.8037109375 0.548828125 0.7998046875 0.548828125 0.7939453125 0.5537109375 0.79296875 0.5576171875 0.78515625
1 0.3642578125 0.2578125 0.3564453125 0.2578125 0.359375 0.2880859375 0.3623046875 0.294921875 0.3671875 0.2939453125 0.376953125 0.2900390625 0.376953125 0.2802734375 0.369140625 0.2626953125 0.3642578125 0.2578125
1 0.458984375 0.1416015625 0.453125 0.1474609375 0.453125 0.1552734375 0.4560546875 0.1640625 0.4697265625 0.173828125 0.474609375 0.1728515625 0.470703125 0.1474609375 0.4658203125 0.1328125 0.453125 0.1396484375 0.458984375 0.1416015625
1 0.525390625 0.6767578125 0.5224609375 0.66796875 0.5146484375 0.66796875 0.51171875 0.6728515625 0.51171875 0.6962890625 0.521484375 0.7060546875 0.525390625 0.6982421875 0.5234375 0.6904296875 0.525390625 0.6884765625 0.525390625 0.6767578125