1 0.59765625 0.81015625 0.175 0.0921875
1 0.55 0.55859375 0.1609375 0.096875
1 0.428125 0.503125 0.1375 0.08125
1 0.91953125 0.253125 0.065625 0.040625
1 0.59921875 0.46953125 0.0546875 0.040625
1 0.553125 0.41796875 0.0921875 0.075
1 0.325 0.22578125 0.109375 0.06875
1 0.071875 0.4125 0.14375 0.10625
1 0.2640625 0.61484375 0.1578125 0.1
1 0.140625 0.74453125 0.1375 0.11875
1 0.11953125 0.853125 0.1375 0.15
1 0.02734375 0.89921875 0.0546875 0.134375
1 0.6453125 0.03984375 0.175 0.0796875
1 0.4140625 0.0734375 0.0609375 0.0375