1 0.3837890625 0.03515625 0.3701171875 0.037109375 0.361328125 0.0537109375 0.361328125 0.0712890625 0.3681640625 0.080078125 0.373046875 0.0810546875 0.3857421875 0.072265625 0.388671875 0.0654296875 0.388671875 0.0419921875 0.3837890625 0.03515625
1 0.4580078125 0.06640625 0.4521484375 0.06640625 0.4453125 0.0751953125 0.4453125 0.0888671875 0.4501953125 0.095703125 0.455078125 0.0947265625 0.4609375 0.0908203125 0.4609375 0.0810546875 0.46484375 0.0751953125 0.4580078125 0.06640625
1 0.4384765625 0.076171875 0.4345703125 0.076171875 0.4296875 0.0830078125 0.4296875 0.1044921875 0.435546875 0.1083984375 0.439453125 0.1064453125 0.44140625 0.1005859375 0.44140625 0.0791015625 0.4384765625 0.076171875
1 0.3759765625 0.111328125 0.37109375 0.1162109375 0.369140625 0.1259765625 0.3759765625 0.134765625 0.380859375 0.1337890625 0.38671875 0.1279296875 0.38671875 0.1201171875 0.3818359375 0.111328125 0.3759765625 0.111328125
1 0.40234375 0.1103515625 0.3955078125 0.109375 0.388671875 0.1181640625 0.38671875 0.1318359375 0.388671875 0.1337890625 0.388671875 0.1435546875 0.3935546875 0.1484375 0.400390625 0.1474609375 0.404296875 0.1357421875 0.404296875 0.1220703125 0.40234375 0.1201171875 0.40234375 0.1103515625
1 0.3701171875 0.16015625 0.365234375 0.1650390625 0.36328125 0.1787109375 0.3720703125 0.189453125 0.37890625 0.1884765625 0.3828125 0.1826171875 0.3828125 0.1650390625 0.3798828125 0.162109375 0.3701171875 0.16015625
1 0.419921875 0.2451171875 0.419921875 0.2587890625 0.421875 0.2646484375 0.4248046875 0.267578125 0.427734375 0.2666015625 0.4296875 0.2548828125 0.427734375 0.2451171875 0.4228515625 0.240234375 0.419921875 0.2451171875
1 0.4404296875 0.263671875 0.4375 0.2724609375 0.4404296875 0.27734375 0.4453125 0.2763671875 0.44921875 0.2724609375 0.44921875 0.2685546875 0.4462890625 0.263671875 0.4404296875 0.263671875
1 0.4423828125 0.1640625 0.447265625 0.1630859375 0.447265625 0.1533203125 0.4423828125 0.15234375 0.439453125 0.1611328125 0.4423828125 0.1640625
1 0.349609375 0.2783203125 0.349609375 0.2939453125 0.3544921875 0.298828125 0.361328125 0.2978515625 0.3671875 0.2783203125 0.3623046875 0.26953125 0.3564453125 0.26953125 0.349609375 0.2783203125
1 0.37109375 0.3037109375 0.373046875 0.3212890625 0.37890625 0.3212890625 0.3828125 0.3154296875 0.3818359375 0.296875 0.3759765625 0.296875 0.37109375 0.3037109375
1 0.34765625 0.2412109375 0.34765625 0.2451171875 0.3525390625 0.25390625 0.357421875 0.2529296875 0.359375 0.2509765625 0.359375 0.2412109375 0.3544921875 0.236328125 0.34765625 0.2412109375
1 0.455078125 0.3349609375 0.4609375 0.3349609375 0.462890625 0.3251953125 0.4580078125 0.322265625 0.455078125 0.3251953125 0.455078125 0.3349609375
1 0.326171875 0.3994140625 0.3291015625 0.40625 0.3359375 0.4052734375 0.337890625 0.3896484375 0.3330078125 0.384765625 0.328125 0.3896484375 0.326171875 0.3994140625
1 0.4580078125 0.10546875 0.455078125 0.1103515625 0.455078125 0.1240234375 0.46484375 0.1279296875 0.470703125 0.1240234375 0.470703125 0.1123046875 0.4638671875 0.10546875 0.4580078125 0.10546875
1 0.349609375 0.1435546875 0.349609375 0.1591796875 0.357421875 0.1591796875 0.359375 0.1455078125 0.3564453125 0.140625 0.3525390625 0.140625 0.349609375 0.1435546875
1 0.3408203125 0.421875 0.337890625 0.4248046875 0.3359375 0.4423828125 0.3427734375 0.451171875 0.34765625 0.4501953125 0.3515625 0.4443359375 0.353515625 0.4306640625 0.3505859375 0.42578125 0.3408203125 0.421875
1 0.337890625 0.4736328125 0.337890625 0.4912109375 0.3408203125 0.494140625 0.34765625 0.4931640625 0.349609375 0.4736328125 0.3466796875 0.46875 0.3427734375 0.46875 0.337890625 0.4736328125
1 0.3369140625 0.509765625 0.3330078125 0.50390625 0.330078125 0.5068359375 0.330078125 0.5205078125 0.3369140625 0.5234375 0.3388671875 0.52734375 0.34375 0.5263671875 0.34765625 0.5224609375 0.34765625 0.5126953125 0.3427734375 0.5078125 0.3369140625 0.509765625
1 0.4482421875 0.5234375 0.44140625 0.5322265625 0.44140625 0.5478515625 0.4462890625 0.552734375 0.451171875 0.5517578125 0.45703125 0.5439453125 0.45703125 0.5341796875 0.453125 0.5263671875 0.4482421875 0.5234375
1 0.3623046875 0.552734375 0.359375 0.5556640625 0.359375 0.5712890625 0.3623046875 0.57421875 0.3671875 0.5732421875 0.37109375 0.5673828125 0.37109375 0.5595703125 0.3662109375 0.552734375 0.3623046875 0.552734375
1 0.349609375 0.6162109375 0.349609375 0.6298828125 0.3525390625 0.6328125 0.359375 0.6318359375 0.36328125 0.6201171875 0.357421875 0.6103515625 0.3544921875 0.609375 0.349609375 0.6162109375
1 0.44140625 0.6396484375 0.44140625 0.6201171875 0.4345703125 0.615234375 0.4296875 0.6201171875 0.4296875 0.6279296875 0.43359375 0.6337890625 0.435546875 0.6435546875 0.43359375 0.6533203125 0.4404296875 0.662109375 0.447265625 0.6611328125 0.451171875 0.6552734375 0.451171875 0.6455078125 0.4462890625 0.640625 0.44140625 0.6396484375
1 0.375 0.6474609375 0.373046875 0.6572265625 0.3779296875 0.662109375 0.380859375 0.6611328125 0.3828125 0.6591796875 0.3828125 0.6474609375 0.3798828125 0.64453125 0.375 0.6474609375
1 0.41015625 0.6748046875 0.4150390625 0.681640625 0.41796875 0.6806640625 0.419921875 0.6787109375 0.419921875 0.6689453125 0.4150390625 0.666015625 0.41015625 0.6748046875
1 0.380859375 0.6845703125 0.388671875 0.6845703125 0.390625 0.6767578125 0.3837890625 0.669921875 0.380859375 0.6728515625 0.380859375 0.6845703125
1 0.333984375 0.7119140625 0.333984375 0.7373046875 0.3388671875 0.744140625 0.345703125 0.7431640625 0.345703125 0.7138671875 0.3408203125 0.70703125 0.3369140625 0.70703125 0.333984375 0.7119140625
1 0.4267578125 0.71875 0.421875 0.7255859375 0.419921875 0.7353515625 0.421875 0.7431640625 0.4287109375 0.748046875 0.431640625 0.7470703125 0.4375 0.7412109375 0.4375 0.7255859375 0.4326171875 0.71875 0.4267578125 0.71875
1 0.3984375 0.7880859375 0.4013671875 0.791015625 0.40625 0.7900390625 0.41015625 0.7783203125 0.4033203125 0.76953125 0.3984375 0.7724609375 0.3984375 0.7880859375
1 0.353515625 0.7763671875 0.3583984375 0.78125 0.37109375 0.7802734375 0.3701171875 0.771484375 0.3583984375 0.765625 0.353515625 0.7685546875 0.353515625 0.7763671875
1 0.3349609375 0.767578125 0.33203125 0.7705078125 0.33203125 0.7900390625 0.337890625 0.7958984375 0.34375 0.7861328125 0.34375 0.7724609375 0.3408203125 0.767578125 0.3349609375 0.767578125
1 0.375 0.8076171875 0.3720703125 0.8046875 0.3662109375 0.8046875 0.357421875 0.8115234375 0.357421875 0.8271484375 0.35546875 0.8291015625 0.36328125 0.8291015625 0.3642578125 0.826171875 0.3701171875 0.826171875 0.375 0.8212890625 0.375 0.8076171875
1 0.4052734375 0.806640625 0.400390625 0.8134765625 0.3984375 0.8251953125 0.4033203125 0.833984375 0.412109375 0.8330078125 0.416015625 0.8271484375 0.416015625 0.8115234375 0.4111328125 0.806640625 0.4052734375 0.806640625
1 0.3955078125 0.853515625 0.39453125 0.8681640625 0.3974609375 0.873046875 0.40234375 0.8720703125 0.40625 0.8642578125 0.40625 0.8583984375 0.4033203125 0.853515625 0.3955078125 0.853515625
1 0.4326171875 0.88671875 0.4267578125 0.88671875 0.4208984375 0.890625 0.4140625 0.9013671875 0.4140625 0.9091796875 0.4189453125 0.9140625 0.421875 0.9130859375 0.4326171875 0.91015625 0.435546875 0.9052734375 0.435546875 0.8896484375 0.4326171875 0.88671875
1 0.40234375 0.9345703125 0.40234375 0.9404296875 0.4072265625 0.951171875 0.4140625 0.9501953125 0.416015625 0.9345703125 0.4111328125 0.923828125 0.40625 0.9267578125 0.40234375 0.9345703125
1 0.3681640625 0.873046875 0.359375 0.8798828125 0.357421875 0.8974609375 0.3623046875 0.90625 0.37109375 0.9072265625 0.375 0.8974609375 0.375 0.8818359375 0.373046875 0.8759765625 0.3681640625 0.873046875
1 0.3583984375 0.935546875 0.3505859375 0.935546875 0.34765625 0.9423828125 0.34765625 0.9541015625 0.3544921875 0.96484375 0.359375 0.9638671875 0.3671875 0.9580078125 0.369140625 0.9501953125 0.3671875 0.9443359375 0.3583984375 0.935546875
1 0.3232421875 0.9375 0.318359375 0.9462890625 0.318359375 0.9619140625 0.3232421875 0.96875 0.326171875 0.9677734375 0.330078125 0.9599609375 0.330078125 0.9501953125 0.326171875 0.9384765625 0.3232421875 0.9375
1 0.3037109375 0.947265625 0.30078125 0.9521484375 0.30078125 0.9658203125 0.3046875 0.9658203125 0.310546875 0.9619140625 0.3125 0.9560546875 0.3095703125 0.947265625 0.3037109375 0.947265625
1 0.404296875 0.5498046875 0.4072265625 0.552734375 0.412109375 0.5517578125 0.4140625 0.5439453125 0.4091796875 0.537109375 0.404296875 0.5419921875 0.404296875 0.5498046875
1 0.419921875 0.6064453125 0.421875 0.6103515625 0.4296875 0.6103515625 0.431640625 0.6064453125 0.4296875 0.6025390625 0.4228515625 0.599609375 0.419921875 0.6064453125
1 0.4267578125 0.484375 0.423828125 0.4892578125 0.423828125 0.4970703125 0.4287109375 0.5 0.431640625 0.4990234375 0.435546875 0.4951171875 0.435546875 0.4912109375 0.4306640625 0.484375 0.4267578125 0.484375
1 0.3984375 0.7099609375 0.3984375 0.7255859375 0.408203125 0.7255859375 0.4140625 0.7119140625 0.4072265625 0.701171875 0.4013671875 0.701171875 0.3984375 0.7099609375
1 0.4111328125 0.771484375 0.41796875 0.7705078125 0.419921875 0.7607421875 0.4150390625 0.7578125 0.408203125 0.7646484375 0.4111328125 0.771484375
1 0.3310546875 0.34375 0.328125 0.3486328125 0.326171875 0.3662109375 0.3291015625 0.37109375 0.33203125 0.3701171875 0.337890625 0.3623046875 0.337890625 0.3525390625 0.3359375 0.3466796875 0.3310546875 0.34375
1 0.392578125 0.3720703125 0.3984375 0.3720703125 0.400390625 0.3564453125 0.3955078125 0.353515625 0.392578125 0.3583984375 0.392578125 0.3720703125
1 0.384765625 0.2431640625 0.384765625 0.2548828125 0.3876953125 0.2578125 0.390625 0.2568359375 0.39453125 0.2529296875 0.39453125 0.2412109375 0.3876953125 0.23828125 0.384765625 0.2431640625
1 0.3798828125 0.416015625 0.375 0.4208984375 0.375 0.4306640625 0.37890625 0.4345703125 0.38671875 0.4287109375 0.38671875 0.4189453125 0.3837890625 0.416015625 0.3798828125 0.416015625
1 0.4296875 0.7685546875 0.4326171875 0.771484375 0.435546875 0.7705078125 0.4375 0.7626953125 0.4326171875 0.7578125 0.4296875 0.7607421875 0.4296875 0.7685546875
1 0.4306640625 0.78515625 0.427734375 0.7900390625 0.4296875 0.8037109375 0.435546875 0.8037109375 0.443359375 0.7978515625 0.4453125 0.7919921875 0.4384765625 0.783203125 0.4306640625 0.78515625
1 0.302734375 0.7939453125 0.3046875 0.7998046875 0.30859375 0.7998046875 0.310546875 0.7783203125 0.3056640625 0.7734375 0.302734375 0.7783203125 0.302734375 0.7939453125