1 0.64609375 0.26015625 0.071875 0.1546875
1 0.7265625 0.31015625 0.0671875 0.1125
1 0.52734375 0.134375 0.0890625 0.2625
1 0.70234375 0.45859375 0.096875 0.1578125
1 0.44375 0.4234375 0.15625 0.184375
1 0.3546875 0.73984375 0.121875 0.153125
1 0.4828125 0.6984375 0.125 0.1625
1 0.41171875 0.90234375 0.1265625 0.1953125
1 0.63984375 0.825 0.096875 0.328125
1 0.6203125 0.12734375 0.071875 0.0984375
1 0.72734375 0.1109375 0.06875 0.2015625
1 0.6546875 0.01171875 0.0453125 0.0234375
1 0.575 0.76484375 0.0625 0.078125
1 0.38203125 0.0171875 0.0484375 0.034375
1 0.37109375 0.38515625 0.0671875 0.0828125
1 0.334375 0.51171875 0.0375 0.09375
1 0.58359375 0.9859375 0.1015625 0.028125
1 0.67421875 0.56640625 0.075 0.0578125
1 0.55078125 0.53671875 0.0453125 0.0625