1 0.7203125 0.41796875 0.2796875 0.09375
1 0.72890625 0.5578125 0.3109375 0.1015625
1 0.778125 0.1625 0.25625 0.08125
1 0.68203125 0.9234375 0.2859375 0.0765625
1 0.5140625 0.78359375 0.2578125 0.090625
1 0.384375 0.678125 0.11875 0.05625
1 0.2765625 0.65703125 0.175 0.0765625
1 0.32890625 0.28984375 0.2796875 0.096875
1 0.30078125 0.24140625 0.16875 0.084375
1 0.15234375 0.221875 0.1640625 0.0875
1 0.575 0.1296875 0.2140625 0.0765625
1 0.56640625 0.075 0.209375 0.053125
1 0.96875 0.7265625 0.0625 0.034375
1 0.2796875 0.953125 0.096875 0.0453125
1 0.27109375 0.79375 0.0875 0.05