1 0.18125 0.41171875 0.09375 0.175
1 0.434375 0.46015625 0.096875 0.1625
1 0.48984375 0.5828125 0.0828125 0.1375
1 0.74140625 0.08828125 0.040625 0.065625
1 0.52421875 0.41015625 0.040625 0.05625
1 0.57578125 0.45703125 0.075 0.09375
1 0.76875 0.6859375 0.06875 0.109375
1 0.58125 0.934375 0.10625 0.13125
1 0.37734375 0.7484375 0.1 0.159375
1 0.246875 0.87265625 0.1203125 0.1375
1 0.13828125 0.89296875 0.1515625 0.1375
1 0.090625 0.97890625 0.134375 0.0421875
1 0.95859375 0.3640625 0.0828125 0.175
1 0.92265625 0.596875 0.0375 0.0609375