1 0.12265625 0.4890625 0.05625 0.13046875
1 0.2328125 0.4453125 0.08046875 0.10859375
1 0.34609375 0.25 0.09765625 0.1953125
1 0.278125 0.79921875 0.21328125 0.11953125
1 0.4109375 0.54921875 0.12265625 0.16328125
1 0.4875 0.31015625 0.06640625 0.20625
1 0.55234375 0.20625 0.0421875 0.13046875
1 0.65546875 0.31015625 0.115625 0.11953125
1 0.83046875 0.26640625 0.15703125 0.16328125
1 0.59609375 0.91328125 0.1921875 0.13046875
1 0.0453125 0.92421875 0.090625 0.13046875
1 0.5703125 0.70625 0.12578125 0.13046875
1 0.603125 0.59765625 0.05234375 0.15234375
1 0.83203125 0.46171875 0.06328125 0.09765625
1 0.8359375 0.68984375 0.0421875 0.09765625
1 0.88984375 0.603125 0.0453125 0.09765625
1 0.984375 0.29375 0.02421875 0.13046875
1 0.97578125 0.4890625 0.03515625 0.13046875
1 0.98046875 0.875 0.03125 0.11953125
1 0.9546875 0.04921875 0.028125 0.07578125