1 0.44609375 0.7 0.059375 0.084375
1 0.81015625 0.7078125 0.05625 0.09375
1 0.64765625 0.3828125 0.040625 0.059375
1 0.1359375 0.42421875 0.0640625 0.1171875
1 0.4265625 0.85546875 0.046875 0.053125
1 0.48359375 0.80234375 0.0265625 0.046875
1 0.4953125 0.409375 0.015625 0.034375
1 0.32734375 0.384375 0.0234375 0.05625
1 0.275 0.69453125 0.0203125 0.034375
1 0.76875 0.40234375 0.053125 0.08125
1 0.209375 0.68828125 0.0234375 0.034375
1 0.9109375 0.33359375 0.0234375 0.03125
1 0.33046875 0.76015625 0.0234375 0.0375
1 0.4546875 0.75859375 0.04375 0.053125
1 0.55234375 0.3609375 0.04375 0.04375
1 0.51640625 0.709375 0.040625 0.05625
1 0.28046875 0.89921875 0.03125 0.040625
1 0.30390625 0.96484375 0.03125 0.04375
1 0.28203125 0.19765625 0.034375 0.053125
1 0.40078125 0.46640625 0.0375 0.053125