1 0.040625 0.17421875 0.08125 0.04375
1 0.00625 0.29921875 0.0125 0.0546875
1 0.03671875 0.33671875 0.0734375 0.065625
1 0.10390625 0.25546875 0.09375 0.065625
1 0.02421875 0.44296875 0.0484375 0.059375
1 0.06328125 0.5921875 0.1015625 0.0875
1 0.2828125 0.54921875 0.125 0.109375
1 0.37421875 0.33984375 0.08125 0.0921875
1 0.4859375 0.2828125 0.06875 0.04375
1 0.49609375 0.14375 0.096875 0.0703125
1 0.4796875 0.4484375 0.1140625 0.059375
1 0.44140625 0.3859375 0.053125 0.04375
1 0.2578125 0.71171875 0.125 0.04375
1 0.5671875 0.63828125 0.11875 0.08125
1 0.6359375 0.28828125 0.078125 0.04375
1 0.73359375 0.38046875 0.1015625 0.065625
1 0.71171875 0.51640625 0.065625 0.0546875
1 0.81875 0.27734375 0.109375 0.065625
1 0.871875 0.52734375 0.09375 0.0875