1 0.474609375 0.0126953125 0.4677734375 0.00390625 0.45703125 0.0107421875 0.453125 0.0205078125 0.453125 0.0302734375 0.451171875 0.0322265625 0.453125 0.0556640625 0.447265625 0.0732421875 0.447265625 0.0830078125 0.453125 0.0947265625 0.466796875 0.0947265625 0.47265625 0.0791015625 0.47265625 0.0458984375 0.4765625 0.0283203125 0.474609375 0.0126953125
1 0.3779296875 0.123046875 0.373046875 0.1279296875 0.3671875 0.1474609375 0.373046875 0.1669921875 0.3779296875 0.169921875 0.384765625 0.1689453125 0.390625 0.1552734375 0.390625 0.1298828125 0.3857421875 0.123046875 0.3779296875 0.123046875
1 0.4287109375 0.12109375 0.421875 0.1298828125 0.421875 0.1396484375 0.419921875 0.1416015625 0.423828125 0.1494140625 0.423828125 0.1552734375 0.4296875 0.1630859375 0.427734375 0.1669921875 0.42578125 0.2041015625 0.4287109375 0.208984375 0.4375 0.2080078125 0.443359375 0.1982421875 0.44140625 0.1298828125 0.4365234375 0.12109375 0.4287109375 0.12109375
1 0.44921875 0.1708984375 0.447265625 0.1826171875 0.44921875 0.1904296875 0.4541015625 0.1953125 0.4609375 0.1943359375 0.46484375 0.1806640625 0.46484375 0.1611328125 0.4580078125 0.158203125 0.44921875 0.1708984375
1 0.4794921875 0.14453125 0.470703125 0.1513671875 0.46875 0.1611328125 0.46875 0.1748046875 0.4736328125 0.1796875 0.4765625 0.1787109375 0.482421875 0.1708984375 0.484375 0.1630859375 0.484375 0.1533203125 0.4794921875 0.14453125
1 0.5283203125 0.1015625 0.5224609375 0.1015625 0.517578125 0.1064453125 0.51171875 0.1220703125 0.51171875 0.1455078125 0.517578125 0.1455078125 0.5244140625 0.14453125 0.53125 0.1396484375 0.533203125 0.1162109375 0.5283203125 0.1015625
1 0.5517578125 0.16796875 0.5380859375 0.166015625 0.53515625 0.1748046875 0.533203125 0.2119140625 0.5380859375 0.21484375 0.54296875 0.2138671875 0.548828125 0.2099609375 0.552734375 0.1982421875 0.5546875 0.1708984375 0.5517578125 0.16796875
1 0.552734375 0.1279296875 0.548828125 0.1416015625 0.552734375 0.1611328125 0.556640625 0.1630859375 0.5625 0.1494140625 0.5625 0.1240234375 0.5595703125 0.12109375 0.552734375 0.1279296875
1 0.380859375 0.2080078125 0.37890625 0.2177734375 0.380859375 0.2294921875 0.3857421875 0.234375 0.390625 0.2333984375 0.396484375 0.2255859375 0.3955078125 0.203125 0.3857421875 0.203125 0.380859375 0.2080078125
1 0.3955078125 0.2734375 0.38671875 0.2802734375 0.384765625 0.3076171875 0.3876953125 0.3125 0.3955078125 0.31640625 0.3984375 0.3154296875 0.404296875 0.3076171875 0.404296875 0.2783203125 0.3994140625 0.2734375 0.3955078125 0.2734375
1 0.4375 0.3076171875 0.4306640625 0.3046875 0.423828125 0.3115234375 0.419921875 0.3212890625 0.419921875 0.3486328125 0.4267578125 0.359375 0.43359375 0.3583984375 0.443359375 0.3427734375 0.4453125 0.3251953125 0.439453125 0.3173828125 0.4375 0.3076171875
1 0.4033203125 0.33984375 0.3994140625 0.33984375 0.392578125 0.3447265625 0.38671875 0.3544921875 0.38671875 0.3720703125 0.392578125 0.3857421875 0.3994140625 0.390625 0.404296875 0.3896484375 0.41015625 0.3837890625 0.412109375 0.3525390625 0.408203125 0.3447265625 0.4033203125 0.33984375
1 0.5166015625 0.25 0.5107421875 0.25 0.5078125 0.2529296875 0.501953125 0.2724609375 0.50390625 0.2958984375 0.5087890625 0.30078125 0.51171875 0.2998046875 0.5166015625 0.298828125 0.521484375 0.2900390625 0.5234375 0.2587890625 0.5166015625 0.25
1 0.5263671875 0.28515625 0.5234375 0.2880859375 0.517578125 0.2998046875 0.517578125 0.3134765625 0.515625 0.3154296875 0.517578125 0.3271484375 0.5224609375 0.33203125 0.529296875 0.3310546875 0.53515625 0.3173828125 0.53515625 0.2880859375 0.5322265625 0.28515625 0.5263671875 0.28515625
1 0.44921875 0.2451171875 0.44921875 0.2646484375 0.4521484375 0.26953125 0.455078125 0.2685546875 0.458984375 0.2490234375 0.4580078125 0.236328125 0.4541015625 0.236328125 0.44921875 0.2451171875
1 0.470703125 0.2587890625 0.46875 0.2685546875 0.46875 0.2822265625 0.47265625 0.2822265625 0.4765625 0.2724609375 0.4765625 0.2587890625 0.4736328125 0.255859375 0.470703125 0.2587890625
1 0.5390625 0.2451171875 0.5390625 0.2529296875 0.5419921875 0.255859375 0.544921875 0.2548828125 0.546875 0.2509765625 0.5458984375 0.236328125 0.541015625 0.2392578125 0.5390625 0.2451171875
1 0.4716796875 0.369140625 0.466796875 0.3779296875 0.466796875 0.4013671875 0.4697265625 0.40625 0.478515625 0.4052734375 0.484375 0.3916015625 0.484375 0.3779296875 0.4794921875 0.369140625 0.4716796875 0.369140625
1 0.5302734375 0.4296875 0.5224609375 0.4296875 0.517578125 0.4365234375 0.515625 0.4541015625 0.5224609375 0.466796875 0.529296875 0.4658203125 0.53515625 0.4599609375 0.537109375 0.4541015625 0.537109375 0.4384765625 0.5302734375 0.4296875
1 0.517578125 0.5361328125 0.517578125 0.5595703125 0.5283203125 0.572265625 0.533203125 0.5712890625 0.537109375 0.5263671875 0.5322265625 0.521484375 0.5283203125 0.521484375 0.517578125 0.5361328125
1 0.3798828125 0.4453125 0.375 0.4521484375 0.375 0.4736328125 0.3798828125 0.478515625 0.384765625 0.4775390625 0.396484375 0.4658203125 0.396484375 0.4541015625 0.3876953125 0.443359375 0.3798828125 0.4453125
1 0.3525390625 0.39453125 0.341796875 0.4091796875 0.341796875 0.4228515625 0.3525390625 0.4375 0.357421875 0.4365234375 0.36328125 0.4326171875 0.36328125 0.3994140625 0.3583984375 0.39453125 0.3525390625 0.39453125
1 0.3603515625 0.623046875 0.353515625 0.6318359375 0.3515625 0.6591796875 0.3564453125 0.666015625 0.365234375 0.6650390625 0.37109375 0.6572265625 0.373046875 0.6337890625 0.3642578125 0.623046875 0.3603515625 0.623046875
1 0.333984375 0.6376953125 0.3271484375 0.634765625 0.3203125 0.6572265625 0.3203125 0.6806640625 0.3271484375 0.689453125 0.330078125 0.6884765625 0.337890625 0.6767578125 0.337890625 0.6572265625 0.333984375 0.6474609375 0.333984375 0.6376953125
1 0.34375 0.7470703125 0.333984375 0.7333984375 0.330078125 0.7060546875 0.3232421875 0.703125 0.31640625 0.7119140625 0.314453125 0.7373046875 0.322265625 0.7490234375 0.322265625 0.7783203125 0.32421875 0.7841796875 0.3310546875 0.79296875 0.333984375 0.7919921875 0.341796875 0.7841796875 0.345703125 0.7685546875 0.345703125 0.7568359375 0.34375 0.7470703125
1 0.4521484375 0.689453125 0.44921875 0.6923828125 0.4453125 0.7099609375 0.4453125 0.7275390625 0.447265625 0.7353515625 0.451171875 0.7373046875 0.458984375 0.7236328125 0.458984375 0.7060546875 0.455078125 0.6923828125 0.4521484375 0.689453125
1 0.4453125 0.8330078125 0.443359375 0.8583984375 0.439453125 0.8662109375 0.439453125 0.8896484375 0.4423828125 0.892578125 0.4453125 0.8916015625 0.455078125 0.8505859375 0.455078125 0.8388671875 0.4501953125 0.830078125 0.4453125 0.8330078125
1 0.412109375 0.8876953125 0.412109375 0.9169921875 0.4140625 0.9228515625 0.41796875 0.9228515625 0.419921875 0.9189453125 0.419921875 0.8798828125 0.4150390625 0.876953125 0.412109375 0.8876953125
1 0.3203125 0.8916015625 0.314453125 0.9052734375 0.31640625 0.9208984375 0.3212890625 0.927734375 0.326171875 0.9287109375 0.3359375 0.9150390625 0.3359375 0.8955078125 0.3291015625 0.888671875 0.3203125 0.8916015625
1 0.50390625 0.9619140625 0.5 0.9990234375 0.521484375 0.9990234375 0.5234375 0.9619140625 0.5166015625 0.953125 0.5107421875 0.953125 0.50390625 0.9619140625
1 0.50390625 0.7978515625 0.5087890625 0.802734375 0.513671875 0.8017578125 0.513671875 0.7822265625 0.5107421875 0.775390625 0.50390625 0.7861328125 0.50390625 0.7978515625
1 0.3701171875 0.037109375 0.3671875 0.0439453125 0.3671875 0.0537109375 0.3720703125 0.05859375 0.375 0.0576171875 0.37890625 0.0517578125 0.37890625 0.0439453125 0.3740234375 0.037109375 0.3701171875 0.037109375