1 0 0.3857421875 0.0166015625 0.396484375 0.044921875 0.3955078125 0.05078125 0.3896484375 0.052734375 0.3818359375 0.0439453125 0.373046875 0.0146484375 0.37109375 0.0048828125 0.375 0 0.3798828125 0 0.3857421875
1 0.9091796875 0.376953125 0.90234375 0.3818359375 0.9052734375 0.388671875 0.91796875 0.3896484375 0.9248046875 0.388671875 0.927734375 0.3857421875 0.9267578125 0.37890625 0.9091796875 0.376953125
1 0.990234375 0.3857421875 0.9921875 0.3876953125 0.9873046875 0.390625 0.98828125 0.3818359375 0.9814453125 0.380859375 0.970703125 0.3876953125 0.9716796875 0.39453125 0.9755859375 0.396484375 0.986328125 0.3955078125 0.9990234375 0.39453125 1 0.3857421875 0.9931640625 0.3828125 0.990234375 0.3857421875
1 0.689453125 0.4736328125 0.689453125 0.4775390625 0.6962890625 0.48046875 0.72265625 0.4794921875 0.7265625 0.4755859375 0.7158203125 0.46875 0.7021484375 0.46875 0.689453125 0.4736328125
1 0.4248046875 0.5546875 0.4169921875 0.556640625 0.4150390625 0.5546875 0.3955078125 0.5546875 0.38671875 0.5595703125 0.384765625 0.5673828125 0.3857421875 0.5703125 0.3935546875 0.572265625 0.396484375 0.5693359375 0.392578125 0.5654296875 0.3955078125 0.5625 0.4189453125 0.5625 0.423828125 0.5654296875 0.4150390625 0.572265625 0.431640625 0.5712890625 0.43359375 0.5673828125 0.4296875 0.5654296875 0.43359375 0.5615234375 0.4248046875 0.5546875
1 0.2216796875 0.4921875 0.20703125 0.4970703125 0.2119140625 0.50390625 0.2177734375 0.505859375 0.244140625 0.5048828125 0.2607421875 0.501953125 0.265625 0.4970703125 0.2431640625 0.4921875 0.2216796875 0.4921875
1 0.7294921875 0.3984375 0.720703125 0.4052734375 0.72265625 0.4150390625 0.7275390625 0.41796875 0.7578125 0.4169921875 0.76171875 0.4130859375 0.76171875 0.4091796875 0.7509765625 0.3984375 0.7294921875 0.3984375
1 0.8583984375 0.52734375 0.8251953125 0.52734375 0.8203125 0.5302734375 0.82421875 0.5400390625 0.8291015625 0.544921875 0.845703125 0.5439453125 0.8623046875 0.54296875 0.869140625 0.5361328125 0.8662109375 0.53125 0.8583984375 0.52734375
1 0.5888671875 0.49609375 0.5615234375 0.494140625 0.5537109375 0.49609375 0.548828125 0.5009765625 0.548828125 0.5068359375 0.5595703125 0.513671875 0.583984375 0.5126953125 0.5888671875 0.51171875 0.59375 0.5068359375 0.59375 0.5009765625 0.5888671875 0.49609375
1 0.7958984375 0.552734375 0.7568359375 0.55078125 0.751953125 0.5556640625 0.751953125 0.5615234375 0.7626953125 0.568359375 0.7685546875 0.56640625 0.7783203125 0.5703125 0.7822265625 0.568359375 0.7861328125 0.5703125 0.7880859375 0.568359375 0.798828125 0.5693359375 0.80078125 0.5673828125 0.798828125 0.5615234375 0.80078125 0.5556640625 0.7958984375 0.552734375
1 0.5166015625 0.546875 0.4990234375 0.548828125 0.490234375 0.5556640625 0.4921875 0.5654296875 0.4970703125 0.568359375 0.52734375 0.5673828125 0.533203125 0.5595703125 0.533203125 0.5537109375 0.5263671875 0.548828125 0.5166015625 0.546875
1 0.4814453125 0.40625 0.470703125 0.4130859375 0.470703125 0.4208984375 0.4775390625 0.427734375 0.4833984375 0.4296875 0.501953125 0.4287109375 0.513671875 0.4208984375 0.513671875 0.4169921875 0.5048828125 0.408203125 0.4814453125 0.40625
1 0.2607421875 0.365234375 0.25 0.3720703125 0.2529296875 0.376953125 0.2626953125 0.3828125 0.2890625 0.3818359375 0.3095703125 0.376953125 0.3125 0.3720703125 0.2978515625 0.365234375 0.2607421875 0.365234375
1 0.2861328125 0.39453125 0.275390625 0.4013671875 0.275390625 0.4072265625 0.2841796875 0.416015625 0.2939453125 0.41796875 0.314453125 0.4169921875 0.326171875 0.4091796875 0.32421875 0.3994140625 0.3154296875 0.39453125 0.2861328125 0.39453125
1 0.6826171875 0.41015625 0.6728515625 0.40625 0.6494140625 0.40625 0.640625 0.4111328125 0.638671875 0.4248046875 0.6435546875 0.4296875 0.669921875 0.4306640625 0.6806640625 0.4296875 0.6875 0.4248046875 0.6875 0.4169921875 0.6826171875 0.41015625
1 0.5517578125 0.373046875 0.5419921875 0.37109375 0.5224609375 0.373046875 0.513671875 0.3798828125 0.509765625 0.3876953125 0.5185546875 0.396484375 0.546875 0.3955078125 0.5556640625 0.39453125 0.5625 0.3896484375 0.5625 0.3837890625 0.5517578125 0.373046875
1 0.8388671875 0.388671875 0.8232421875 0.3828125 0.8056640625 0.3828125 0.7919921875 0.388671875 0.787109375 0.3955078125 0.7890625 0.4033203125 0.7939453125 0.40625 0.82421875 0.4072265625 0.8369140625 0.40625 0.84375 0.3994140625 0.84375 0.3955078125 0.8388671875 0.388671875
1 0.6064453125 0.4140625 0.5986328125 0.412109375 0.5791015625 0.4140625 0.564453125 0.4208984375 0.5625 0.4248046875 0.5634765625 0.4375 0.5791015625 0.44140625 0.59375 0.4404296875 0.6142578125 0.4375 0.619140625 0.4326171875 0.6171875 0.4208984375 0.6064453125 0.4140625
1 0.6533203125 0.447265625 0.6298828125 0.4453125 0.6279296875 0.443359375 0.6259765625 0.4453125 0.6083984375 0.4453125 0.5986328125 0.44921875 0.59375 0.4541015625 0.59375 0.4599609375 0.6064453125 0.46875 0.6142578125 0.470703125 0.638671875 0.4697265625 0.6533203125 0.46484375 0.658203125 0.4599609375 0.658203125 0.4521484375 0.6533203125 0.447265625
1 0.9560546875 0.462890625 0.9365234375 0.4609375 0.9248046875 0.46484375 0.9150390625 0.46484375 0.9013671875 0.458984375 0.8818359375 0.458984375 0.8671875 0.4697265625 0.8720703125 0.48046875 0.8818359375 0.482421875 0.9189453125 0.48046875 0.9287109375 0.484375 0.947265625 0.4833984375 0.9580078125 0.482421875 0.9658203125 0.478515625 0.966796875 0.4716796875 0.9560546875 0.462890625
1 0.7080078125 0.544921875 0.7119140625 0.54296875 0.716796875 0.5380859375 0.716796875 0.5322265625 0.7060546875 0.525390625 0.6728515625 0.5234375 0.6640625 0.5283203125 0.6591796875 0.5390625 0.6416015625 0.5390625 0.626953125 0.5478515625 0.62890625 0.5537109375 0.6357421875 0.55859375 0.66796875 0.5595703125 0.6767578125 0.55859375 0.681640625 0.5537109375 0.6826171875 0.544921875 0.7080078125 0.544921875
1 0.240234375 0.3740234375 0.240234375 0.3701171875 0.2294921875 0.36328125 0.2001953125 0.36328125 0.1904296875 0.37109375 0.1572265625 0.373046875 0.142578125 0.3798828125 0.14453125 0.3876953125 0.1552734375 0.39453125 0.1611328125 0.396484375 0.1875 0.3955078125 0.2021484375 0.390625 0.2119140625 0.3828125 0.2333984375 0.37890625 0.240234375 0.3740234375
1 0.806640625 0.4833984375 0.80859375 0.4755859375 0.798828125 0.4638671875 0.8076171875 0.458984375 0.8408203125 0.455078125 0.845703125 0.4501953125 0.845703125 0.4423828125 0.8408203125 0.4375 0.8154296875 0.435546875 0.8017578125 0.443359375 0.7568359375 0.443359375 0.75 0.4482421875 0.75 0.4541015625 0.767578125 0.4658203125 0.765625 0.4755859375 0.7744140625 0.482421875 0.7822265625 0.482421875 0.787109375 0.4853515625 0.783203125 0.4912109375 0.7861328125 0.49609375 0.7958984375 0.5 0.81640625 0.4990234375 0.8232421875 0.49609375 0.82421875 0.4931640625 0.8173828125 0.486328125 0.806640625 0.4833984375
1 0.806640625 0.5693359375 0.8134765625 0.576171875 0.84765625 0.5751953125 0.849609375 0.5732421875 0.8388671875 0.564453125 0.8154296875 0.564453125 0.806640625 0.5693359375
1 0.1513671875 0.552734375 0.14453125 0.5595703125 0.14453125 0.5634765625 0.1484375 0.5654296875 0.1650390625 0.564453125 0.173828125 0.5595703125 0.1650390625 0.5546875 0.1513671875 0.552734375
1 0.0849609375 0.498046875 0.0732421875 0.494140625 0.0576171875 0.494140625 0.046875 0.4990234375 0.0498046875 0.50390625 0.0849609375 0.5078125 0.0869140625 0.509765625 0.10546875 0.5087890625 0.1103515625 0.5078125 0.115234375 0.5009765625 0.1103515625 0.498046875 0.0849609375 0.498046875
1 0.0283203125 0.46875 0.0185546875 0.470703125 0.015625 0.4736328125 0.0166015625 0.4765625 0.0244140625 0.478515625 0.048828125 0.4775390625 0.0595703125 0.4765625 0.064453125 0.4716796875 0.0595703125 0.46875 0.0283203125 0.46875