1 0.88515625 0.9890625 0.03125 0.021875
1 0.75 0.9921875 0.05625 0.015625
1 0.5796875 0.884375 0.1203125 0.071875
1 0.43203125 0.88828125 0.0671875 0.0640625
1 0.275 0.89765625 0.1125 0.0671875
1 0.80390625 0.9125 0.0625 0.04375
1 0.79296875 0.6390625 0.0671875 0.0421875
1 0.54140625 0.63671875 0.0765625 0.0703125
1 0.58828125 0.5546875 0.0765625 0.04375
1 0.72109375 0.52421875 0.0640625 0.0421875
1 0.21171875 0.7921875 0.0421875 0.06875
1 0.3953125 0.63203125 0.0359375 0.0421875
1 0.3921875 0.49765625 0.0640625 0.053125
1 0.82890625 0.521875 0.0875 0.046875
1 0.884375 0.48984375 0.0625 0.05625
1 0.9171875 0.31796875 0.0984375 0.053125
1 0.609375 0.3734375 0.0515625 0.040625
1 0.7671875 0.46875 0.0609375 0.065625
1 0.02265625 0.64453125 0.0453125 0.059375
1 0.32265625 0.340625 0.0375 0.046875
1 0.5171875 0.1109375 0.05625 0.0625
1 0.16328125 0.471875 0.04375 0.05625
1 0.159375 0.41796875 0.053125 0.0421875
1 0.65625 0.01328125 0.09375 0.025
1 0.075 0.10390625 0.05625 0.05
1 0.2125 0.56953125 0.040625 0.05
1 0.23125 0.7265625 0.028125 0.028125