1 0.5 0.5546875 0.1 0.05703125
1 0.30859375 0.08359375 0.1234375 0.0796875
1 0.2265625 0.16015625 0.06640625 0.03984375
1 0.15703125 0.16796875 0.06015625 0.04296875
1 0.75703125 0.853125 0.06640625 0.03984375
1 0.4984375 0.403125 0.11015625 0.06640625
1 0.571875 0.4046875 0.05 0.0296875
1 0.721875 0.553125 0.06328125 0.03359375
1 0.871875 0.18984375 0.04296875 0.03359375
1 0.26484375 0.50703125 0.05703125 0.0265625
1 0.553125 0.63671875 0.0796875 0.03359375
1 0.56328125 0.5484375 0.046875 0.0234375
1 0.6984375 0.25859375 0.05 0.0296875
1 0.86015625 0.33671875 0.06015625 0.0265625
1 0.9046875 0.421875 0.04296875 0.0296875
1 0.93828125 0.4046875 0.03671875 0.0234375
1 0.8484375 0.5796875 0.04296875 0.0265625
1 0.4703125 0.7515625 0.06640625 0.0296875
1 0.78984375 0.91796875 0.0734375 0.03671875
1 0.58203125 0.9765625 0.06328125 0.0265625
1 0.61796875 0.8953125 0.05 0.0234375
1 0.8984375 0.91328125 0.05703125 0.0265625
1 0.9484375 0.628125 0.096875 0.03671875
1 0.9703125 0.58984375 0.053125 0.0265625
1 0.4265625 0.0515625 0.03359375 0.0234375
1 0.88203125 0.26640625 0.04296875 0.0265625
1 0.696875 0.2984375 0.03984375 0.0234375
1 0.6703125 0.29140625 0.0265625 0.0234375
1 0.83203125 0.4015625 0.04296875 0.01640625
1 0.8046875 0.15859375 0.0234375 0.01640625
1 0.75859375 0.296875 0.03671875 0.0203125
1 0.13515625 0.221875 0.05 0.0234375
1 0.93984375 0.46484375 0.03984375 0.0234375
1 0.196875 0.41796875 0.0734375 0.03671875
1 0.24140625 0.325 0.05703125 0.03671875
1 0.303125 0.36171875 0.03359375 0.0234375
1 0.31484375 0.41484375 0.04296875 0.0296875
1 0.471875 0.28828125 0.04296875 0.0296875
1 0.31015625 0.253125 0.03984375 0.0265625
1 0.428125 0.9296875 0.0703125 0.03359375
1 0.9703125 0.7015625 0.053125 0.05703125
1 0.68984375 0.33359375 0.03359375 0.0265625
1 0.61640625 0.33359375 0.03984375 0.0203125
1 0.65859375 0.953125 0.0765625 0.03359375
1 0.38515625 0.45703125 0.0703125 0.03359375
1 0.86484375 0.8765625 0.05 0.03359375
1 0.60703125 0.5953125 0.046875 0.0296875
1 0.775 0.41484375 0.04296875 0.0234375
1 0.80859375 0.275 0.05703125 0.0296875
1 0.33984375 0.91796875 0.0734375 0.0296875