1 0.5359375 0.81484375 0.059375 0.096875
1 0.49296875 0.65078125 0.06875 0.1
1 0.5859375 0.39453125 0.059375 0.090625
1 0.4 0.4875 0.065625 0.09375
1 0.39296875 0.84453125 0.0609375 0.0375
1 0.5125 0.16875 0.084375 0.146875
1 0.5484375 0.0671875 0.06875 0.078125
1 0.37265625 0.1296875 0.065625 0.078125
1 0.41328125 0.0453125 0.053125 0.090625
1 0.38671875 0.371875 0.06875 0.075
1 0.35 0.321875 0.0359375 0.0640625
1 0.3765625 0.2796875 0.04375 0.046875
1 0.3109375 0.2953125 0.03125 0.06875
1 0.55546875 0.9 0.0625 0.05625
1 0.3765625 0.7203125 0.06875 0.0625
1 0.3 0.6796875 0.0359375 0.0625
1 0.2703125 0.6609375 0.015625 0.15
1 0.32578125 0.91640625 0.0328125 0.05
1 0.3609375 0.978125 0.040625 0.04375
1 0.29296875 0.98671875 0.0359375 0.0265625
1 0.334375 0.51796875 0.053125 0.0796875
1 0.32109375 0.45390625 0.04375 0.0671875