1 0.61796875 0.359375 0.04375 0.06875
1 0.53046875 0.35078125 0.040625 0.059375
1 0.234375 0.3546875 0.0375 0.0515625
1 0.803125 0.321875 0.0375 0.0546875
1 0.9625 0.4984375 0.040625 0.065625
1 0.7703125 0.41796875 0.040625 0.0546875
1 0.68125 0.428125 0.046875 0.06875
1 0.79296875 0.6078125 0.03125 0.0375
1 0.78046875 0.57734375 0.028125 0.04375
1 0.2859375 0.61640625 0.04375 0.040625
1 0.38671875 0.5015625 0.040625 0.0515625
1 0.253125 0.515625 0.034375 0.0375
1 0.27578125 0.45546875 0.0375 0.046875
1 0.11796875 0.321875 0.0515625 0.0625
1 0.45234375 0.428125 0.040625 0.046875
1 0.38046875 0.40546875 0.040625 0.0515625
1 0.425 0.44375 0.040625 0.0375
1 0.55625 0.5359375 0.0375 0.04375
1 0.73828125 0.5171875 0.025 0.028125
1 0.71953125 0.5171875 0.028125 0.040625
1 0.928125 0.59921875 0.034375 0.034375