1 0.41640625 0.803125 0.09375 0.134375
1 0.7703125 0.7046875 0.134375 0.1703125
1 0.6265625 0.378125 0.09375 0.14375
1 0.73203125 0.89296875 0.109375 0.1265625
1 0.6046875 0.96484375 0.115625 0.0703125
1 0.83671875 0.86484375 0.1203125 0.1375
1 0.88828125 0.76328125 0.096875 0.1203125
1 0.9296875 0.18828125 0.140625 0.25625
1 0.496875 0.46171875 0.065625 0.090625
1 0.428125 0.50859375 0.0625 0.084375
1 0.1984375 0.73359375 0.0625 0.1265625
1 0.35 0.26484375 0.0796875 0.1234375
1 0.19296875 0.53203125 0.0796875 0.1703125
1 0.73984375 0.31171875 0.034375 0.0296875
1 0.603125 0.5765625 0.034375 0.046875
1 0.4046875 0.70859375 0.0375 0.04375
1 0.38828125 0.575 0.0296875 0.04375
1 0.3953125 0.8984375 0.0296875 0.0375
1 0.3546875 0.8453125 0.0296875 0.0375