1 0.19453125 0.015625 0.05625 0.03125
1 0.9109375 0.06171875 0.178125 0.121875
1 0.78359375 0.18125 0.165625 0.05
1 0.78359375 0.23125 0.14375 0.046875
1 0.1609375 0.31171875 0.14375 0.0640625
1 0.14453125 0.47734375 0.134375 0.0828125
1 0.1109375 0.64296875 0.15625 0.059375
1 0.93359375 0.28203125 0.0890625 0.05
1 0.971875 0.20234375 0.05625 0.109375
1 0.821875 0.62734375 0.15625 0.1625
1 0.728125 0.434375 0.1 0.053125
1 0.728125 0.36484375 0.14375 0.04375
1 0.81640625 0.3484375 0.1 0.059375
1 0.24453125 0.8390625 0.134375 0.0640625
1 0.14453125 0.75 0.0890625 0.046875
1 0.0609375 0.1859375 0.078125 0.040625
1 0.84453125 0.79140625 0.178125 0.165625
1 0.2890625 0.096875 0.0890625 0.0703125
1 0.9109375 0.44140625 0.0890625 0.0375