1 0.73203125 0.65859375 0.26875 0.1625
1 0.6796875 0.7203125 0.0625 0.0390625
1 0.803125 0.36796875 0.078125 0.075
1 0.571875 0.20234375 0.103125 0.075
1 0.709375 0.09140625 0.0671875 0.0421875
1 0.37890625 0.46328125 0.115625 0.109375
1 0.38203125 0.2625 0.1375 0.103125
1 0.21796875 0.09140625 0.078125 0.05
1 0.0390625 0.1375 0.078125 0.05
1 0.95390625 0.765625 0.090625 0.053125
1 0.6640625 0.96796875 0.109375 0.0625
1 0.03515625 0.6234375 0.0625 0.05625
1 0.31015625 0.6140625 0.034375 0.03125
1 0.50390625 0.70390625 0.05625 0.0421875
1 0.4 0.77265625 0.0671875 0.046875
1 0.6515625 0.48046875 0.28125 0.1796875