1 0.890625 0.05390625 0.05625 0.0484375
1 0.59453125 0.17421875 0.05625 0.0375
1 0.4390625 0.571875 0.10625 0.10625
1 0.490625 0.46484375 0.0484375 0.040625
1 0.3984375 0.4703125 0.05625 0.0515625
1 0.61484375 0.471875 0.059375 0.05625
1 0.71328125 0.62578125 0.078125 0.075
1 0.75390625 0.64296875 0.040625 0.034375
1 0.809375 0.6296875 0.0484375 0.0375
1 0.17421875 0.478125 0.065625 0.059375
1 0.9015625 0.30546875 0.084375 0.09375
1 0.31640625 0.61484375 0.0484375 0.04375
1 0.05390625 0.79453125 0.0484375 0.05625
1 0.23515625 0.7203125 0.084375 0.10625
1 0.409375 0.70703125 0.05625 0.075
1 0.6 0.7296875 0.065625 0.08125
1 0.4890625 0.809375 0.059375 0.05625
1 0.63671875 0.3890625 0.04375 0.0375
1 0.69453125 0.38125 0.040625 0.0375
1 0.53515625 0.371875 0.0484375 0.0484375
1 0.559375 0.29609375 0.04375 0.04375
1 0.409375 0.2796875 0.05625 0.040625
1 0.48359375 0.22578125 0.05625 0.0296875
1 0.46484375 0.17421875 0.05625 0.04375
1 0.35390625 0.25390625 0.05625 0.0484375
1 0.26640625 0.13671875 0.065625 0.04375
1 0.85546875 0.1109375 0.04375 0.0375
1 0.8203125 0.25390625 0.040625 0.040625
1 0.33515625 0.06640625 0.040625 0.0375
1 0.33125 0.14609375 0.0484375 0.05625
1 0.41328125 0.21640625 0.034375 0.034375
1 0.73125 0.20703125 0.034375 0.0375
1 0.9828125 0.25703125 0.034375 0.0484375
1 0.871875 0.43125 0.040625 0.040625
1 0.9921875 0.3328125 0.015625 0.059375
1 0.98515625 0.15546875 0.0296875 0.103125
1 0.20546875 0.921875 0.1890625 0.134375
1 0.5703125 0.871875 0.04375 0.040625
1 0.60390625 0.8390625 0.0375 0.034375
1 0.69296875 0.80703125 0.0296875 0.0296875
1 0.62421875 0.98515625 0.040625 0.0296875
1 0.83671875 0.759375 0.04375 0.04375
1 0.2890625 0.090625 0.059375 0.05625
1 0.23671875 0.55703125 0.0375 0.034375
1 0.26640625 0.5296875 0.0375 0.0296875
1 0.35859375 0.01640625 0.0359375 0.0328125
1 0.91328125 0.12421875 0.0484375 0.05625
1 0.9515625 0.13671875 0.0296875 0.0296875
1 0.471875 0.92578125 0.034375 0.0296875
1 0.7703125 0.2515625 0.059375 0.0890625
1 0.278125 0.37421875 0.134375 0.1625
1 0.6515625 0.859375 0.0375 0.0296875
1 0.44765625 0.9921875 0.0453125 0.015625
1 0.50703125 0.9390625 0.0375 0.034375
1 0.06875 0.95546875 0.034375 0.0296875
1 0.221875 0.8296875 0.021875 0.021875
1 0.1890625 0.8109375 0.021875 0.021875
1 0.13359375 0.8296875 0.021875 0.021875
1 0.11640625 0.6 0.1 0.0890625
1 0.51484375 0.75703125 0.04375 0.034375
1 0.1109375 0.69609375 0.065625 0.065625
1 0.51484375 0.96796875 0.1109375 0.0640625
1 0.45546875 0.3296875 0.096875 0.103125
1 0.83515625 0.2109375 0.025 0.0296875
1 0.70703125 0.13515625 0.0375 0.034375
1 0.8984375 0.46484375 0.0484375 0.078125
1 0.61640625 0.61328125 0.034375 0.040625
1 0.64453125 0.90703125 0.059375 0.059375
1 0.66328125 0.9890625 0.0515625 0.021875
1 0.1890625 0.33359375 0.04375 0.059375
1 0.21875 0.34609375 0.0296875 0.025
1 0.3109375 0.990625 0.04375 0.01875
1 0.790625 0.5796875 0.0703125 0.084375
1 0.9015625 0.59296875 0.0625 0.11875
1 0.13125 0.41875 0.040625 0.0296875
1 0.11640625 0.48515625 0.034375 0.059375
1 0.72421875 0.37578125 0.034375 0.025
1 0.83125 0.46640625 0.025 0.0296875