1 0.4072265625 0.189453125 0.4013671875 0.189453125 0.400390625 0.2099609375 0.40625 0.2119140625 0.412109375 0.2099609375 0.412109375 0.2001953125 0.41015625 0.1923828125 0.4072265625 0.189453125
1 0.3466796875 0.181640625 0.33984375 0.1904296875 0.33984375 0.2001953125 0.3466796875 0.2109375 0.353515625 0.2099609375 0.357421875 0.2060546875 0.357421875 0.1884765625 0.3505859375 0.181640625 0.3466796875 0.181640625
1 0.3369140625 0.189453125 0.330078125 0.1982421875 0.330078125 0.2060546875 0.3369140625 0.216796875 0.341796875 0.2158203125 0.345703125 0.2080078125 0.34375 0.1943359375 0.3408203125 0.189453125 0.3369140625 0.189453125
1 0.2880859375 0.1875 0.287109375 0.2021484375 0.2890625 0.2041015625 0.291015625 0.2333984375 0.29296875 0.2392578125 0.296875 0.2392578125 0.302734375 0.2216796875 0.30078125 0.2041015625 0.296875 0.1904296875 0.2880859375 0.1875
1 0.3115234375 0.2734375 0.2998046875 0.2734375 0.298828125 0.3173828125 0.30078125 0.3193359375 0.30078125 0.3310546875 0.3037109375 0.333984375 0.30859375 0.3330078125 0.3134765625 0.33203125 0.3203125 0.3212890625 0.318359375 0.2880859375 0.3115234375 0.2734375
1 0.4013671875 0.318359375 0.396484375 0.3251953125 0.3984375 0.3427734375 0.4013671875 0.34765625 0.41015625 0.3466796875 0.412109375 0.3447265625 0.41015625 0.3212890625 0.4072265625 0.318359375 0.4013671875 0.318359375
1 0.4365234375 0.3515625 0.431640625 0.3603515625 0.435546875 0.4091796875 0.4404296875 0.4140625 0.4423828125 0.412109375 0.4443359375 0.4140625 0.462890625 0.4130859375 0.46875 0.4072265625 0.462890625 0.3603515625 0.4560546875 0.353515625 0.4365234375 0.3515625
1 0.3603515625 0.4296875 0.359375 0.4541015625 0.3623046875 0.45703125 0.373046875 0.4560546875 0.375 0.4521484375 0.373046875 0.4365234375 0.3681640625 0.431640625 0.3603515625 0.4296875
1 0.337890625 0.4541015625 0.337890625 0.4580078125 0.33984375 0.4638671875 0.3447265625 0.46875 0.34765625 0.4677734375 0.3515625 0.4599609375 0.349609375 0.4521484375 0.3427734375 0.44921875 0.337890625 0.4541015625
1 0.333984375 0.4755859375 0.333984375 0.4990234375 0.3408203125 0.5078125 0.345703125 0.5068359375 0.349609375 0.5009765625 0.34765625 0.4833984375 0.3369140625 0.47265625 0.333984375 0.4755859375
1 0.4091796875 0.509765625 0.40625 0.5126953125 0.408203125 0.5478515625 0.4111328125 0.552734375 0.421875 0.5517578125 0.423828125 0.5498046875 0.421875 0.5166015625 0.4169921875 0.509765625 0.4091796875 0.509765625
1 0.396484375 0.6298828125 0.3984375 0.6396484375 0.4052734375 0.6484375 0.41015625 0.6494140625 0.412109375 0.6474609375 0.41015625 0.6259765625 0.3994140625 0.625 0.396484375 0.6298828125
1 0.390625 0.6728515625 0.3955078125 0.681640625 0.400390625 0.6806640625 0.40234375 0.6708984375 0.3955078125 0.6640625 0.390625 0.6689453125 0.390625 0.6728515625
1 0.3701171875 0.642578125 0.3583984375 0.640625 0.349609375 0.6494140625 0.35546875 0.6904296875 0.3603515625 0.6953125 0.375 0.6943359375 0.3828125 0.6904296875 0.380859375 0.6591796875 0.376953125 0.6494140625 0.3701171875 0.642578125
1 0.400390625 0.8330078125 0.3916015625 0.826171875 0.3857421875 0.830078125 0.3720703125 0.830078125 0.3720703125 0.828125 0.3818359375 0.828125 0.3828125 0.8232421875 0.3779296875 0.8203125 0.3740234375 0.822265625 0.3662109375 0.8125 0.3623046875 0.8125 0.361328125 0.8583984375 0.36328125 0.8662109375 0.3720703125 0.865234375 0.3740234375 0.8671875 0.3798828125 0.865234375 0.3857421875 0.869140625 0.392578125 0.8681640625 0.396484375 0.8603515625 0.396484375 0.8525390625 0.400390625 0.8505859375 0.400390625 0.8330078125
1 0.4619140625 0.68359375 0.45703125 0.6865234375 0.458984375 0.6982421875 0.4658203125 0.70703125 0.470703125 0.7060546875 0.474609375 0.6962890625 0.474609375 0.6865234375 0.4716796875 0.68359375 0.4619140625 0.68359375
1 0.4033203125 0.783203125 0.39453125 0.7919921875 0.3984375 0.8251953125 0.4013671875 0.828125 0.4140625 0.8271484375 0.416015625 0.8251953125 0.4140625 0.7900390625 0.4091796875 0.783203125 0.4033203125 0.783203125
1 0.4482421875 0.744140625 0.443359375 0.7509765625 0.4453125 0.7822265625 0.4482421875 0.787109375 0.4609375 0.7861328125 0.462890625 0.7783203125 0.4609375 0.7529296875 0.4541015625 0.744140625 0.4482421875 0.744140625
1 0.4873046875 0.705078125 0.4814453125 0.705078125 0.478515625 0.7099609375 0.478515625 0.7255859375 0.4833984375 0.73046875 0.48828125 0.7294921875 0.494140625 0.7236328125 0.4921875 0.7216796875 0.4921875 0.7119140625 0.4873046875 0.705078125
1 0.4990234375 0.75 0.494140625 0.7587890625 0.494140625 0.7802734375 0.5009765625 0.7890625 0.5068359375 0.787109375 0.517578125 0.7880859375 0.517578125 0.7705078125 0.513671875 0.7548828125 0.5107421875 0.75 0.4990234375 0.75
1 0.4619140625 0.83984375 0.45703125 0.8505859375 0.458984375 0.8623046875 0.4638671875 0.869140625 0.474609375 0.8681640625 0.478515625 0.8623046875 0.478515625 0.8486328125 0.4716796875 0.83984375 0.4619140625 0.83984375
1 0.4326171875 0.89453125 0.4296875 0.9013671875 0.43359375 0.9150390625 0.4404296875 0.921875 0.4453125 0.9208984375 0.447265625 0.9169921875 0.447265625 0.8994140625 0.4443359375 0.89453125 0.4326171875 0.89453125
1 0.3291015625 0.052734375 0.3173828125 0.05078125 0.3056640625 0.0546875 0.3037109375 0.05078125 0.302734375 0.0791015625 0.3046875 0.0830078125 0.298828125 0.0908203125 0.302734375 0.0947265625 0.3046875 0.1142578125 0.3115234375 0.1171875 0.3193359375 0.125 0.32421875 0.1240234375 0.333984375 0.1142578125 0.3359375 0.1064453125 0.333984375 0.0615234375 0.3291015625 0.052734375
1 0.296875 0.0166015625 0.3056640625 0.021484375 0.310546875 0.0205078125 0.318359375 0.0126953125 0.3203125 0.0009765625 0.2958984375 0 0.296875 0.0166015625