1 0.64296875 0.39140625 0.046875 0.071875
1 0.55078125 0.38203125 0.04375 0.0625
1 0.2375 0.3859375 0.040625 0.0546875
1 0.8390625 0.3515625 0.040625 0.0578125
1 0.99296875 0.5390625 0.0140625 0.06875
1 0.8046875 0.453125 0.04375 0.0578125
1 0.71015625 0.4640625 0.05 0.071875
1 0.828125 0.65390625 0.0328125 0.040625
1 0.81484375 0.62109375 0.028125 0.046875
1 0.29140625 0.66328125 0.046875 0.04375
1 0.3984375 0.54140625 0.04375 0.0546875
1 0.25703125 0.55625 0.0359375 0.040625
1 0.28046875 0.49296875 0.040625 0.05
1 0.1140625 0.3515625 0.0546875 0.065625
1 0.4671875 0.4640625 0.04375 0.05
1 0.39140625 0.43984375 0.04375 0.0546875
1 0.43828125 0.4796875 0.04375 0.040625
1 0.578125 0.578125 0.040625 0.046875
1 0.7703125 0.5578125 0.025 0.028125
1 0.75 0.5578125 0.028125 0.04375
1 0.97109375 0.6453125 0.0359375 0.0359375