1 0.59296875 0.69921875 0.09375 0.2796875
1 0.453125 0.7078125 0.1015625 0.3109375
1 0.84765625 0.75703125 0.08125 0.25625
1 0.0875 0.6609375 0.0765625 0.2875
1 0.22734375 0.49296875 0.090625 0.259375
1 0.33203125 0.36328125 0.05625 0.11875
1 0.353125 0.25546875 0.0765625 0.175
1 0.7203125 0.3078125 0.096875 0.2796875
1 0.76953125 0.2796875 0.084375 0.16875
1 0.78828125 0.13125 0.0875 0.1640625
1 0.88125 0.55390625 0.0765625 0.2125
1 0.93515625 0.5453125 0.053125 0.209375
1 0.28359375 0.9546875 0.034375 0.0765625
1 0.0578125 0.25859375 0.0453125 0.096875
1 0.21640625 0.25 0.05 0.0875
1 0.11015625 0.99453125 0.065625 0.0109375