1 0.809375 0.58828125 0.1359375 0.0953125
1 0.709375 0.228125 0.1734375 0.1359375
1 0.37578125 0.37421875 0.146875 0.0953125
1 0.9015625 0.2671875 0.128125 0.1125
1 0.96953125 0.39609375 0.0609375 0.11875
1 0.87265625 0.16015625 0.140625 0.121875
1 0.76875 0.10703125 0.121875 0.0984375
1 0.18203125 0.06796875 0.2625 0.1359375
1 0.4609375 0.50703125 0.0921875 0.06875
1 0.50859375 0.5765625 0.084375 0.065625
1 0.73828125 0.8109375 0.128125 0.065625
1 0.26015625 0.65625 0.125 0.08125
1 0.53203125 0.81640625 0.1734375 0.08125
1 0.3078125 0.25859375 0.03125 0.034375
1 0.578125 0.39765625 0.046875 0.034375
1 0.7125 0.6 0.04375 0.0375
1 0.5765625 0.6171875 0.04375 0.03125
1 0.90625 0.61015625 0.0375 0.03125
1 0.85234375 0.6515625 0.0375 0.03125