1 0.7138671875 0.35546875 0.7109375 0.3583984375 0.708984375 0.3623046875 0.7119140625 0.3671875 0.724609375 0.3681640625 0.73046875 0.3662109375 0.73046875 0.3583984375 0.7255859375 0.353515625 0.7138671875 0.35546875
1 0.7568359375 0.384765625 0.74609375 0.3916015625 0.74609375 0.3974609375 0.7509765625 0.40234375 0.7734375 0.4013671875 0.78515625 0.3955078125 0.7841796875 0.384765625 0.7763671875 0.3828125 0.7568359375 0.384765625
1 0.8427734375 0.369140625 0.837890625 0.3740234375 0.8408203125 0.380859375 0.84765625 0.3818359375 0.85546875 0.3779296875 0.85546875 0.3720703125 0.8525390625 0.369140625 0.8427734375 0.369140625
1 0.7783203125 0.3359375 0.7607421875 0.337890625 0.75390625 0.3447265625 0.7587890625 0.349609375 0.771484375 0.3486328125 0.7783203125 0.34765625 0.78125 0.3447265625 0.78125 0.3388671875 0.7783203125 0.3359375
1 0.8212890625 0.427734375 0.7958984375 0.4296875 0.7880859375 0.431640625 0.783203125 0.4365234375 0.78515625 0.4443359375 0.7900390625 0.44921875 0.80859375 0.4482421875 0.8232421875 0.447265625 0.826171875 0.4443359375 0.826171875 0.4345703125 0.8212890625 0.427734375
1 0.69140625 0.3779296875 0.69140625 0.3876953125 0.6943359375 0.390625 0.697265625 0.3896484375 0.708984375 0.3837890625 0.7080078125 0.376953125 0.6943359375 0.375 0.69140625 0.3779296875
1 0.7001953125 0.46484375 0.6708984375 0.466796875 0.658203125 0.4794921875 0.658203125 0.4853515625 0.6630859375 0.4921875 0.68359375 0.4912109375 0.7021484375 0.490234375 0.705078125 0.4873046875 0.705078125 0.4716796875 0.7001953125 0.46484375
1 0.6806640625 0.4453125 0.67578125 0.4501953125 0.67578125 0.4541015625 0.6787109375 0.45703125 0.685546875 0.4560546875 0.6904296875 0.455078125 0.693359375 0.4482421875 0.6884765625 0.4453125 0.6806640625 0.4453125
1 0.4404296875 0.388671875 0.4130859375 0.392578125 0.40234375 0.4033203125 0.40234375 0.4111328125 0.4052734375 0.4140625 0.41796875 0.4150390625 0.4404296875 0.41015625 0.4453125 0.4052734375 0.4453125 0.3955078125 0.4404296875 0.388671875
1 0.6630859375 0.435546875 0.6396484375 0.4375 0.638671875 0.4501953125 0.64453125 0.4541015625 0.6650390625 0.451171875 0.66796875 0.4482421875 0.66796875 0.4404296875 0.6630859375 0.435546875
1 0.5693359375 0.42578125 0.5556640625 0.42578125 0.5380859375 0.4296875 0.529296875 0.4384765625 0.529296875 0.4423828125 0.5341796875 0.447265625 0.537109375 0.4462890625 0.5693359375 0.443359375 0.57421875 0.4384765625 0.57421875 0.4326171875 0.5693359375 0.42578125
1 0.4775390625 0.474609375 0.4697265625 0.4765625 0.458984375 0.4833984375 0.458984375 0.4912109375 0.4619140625 0.494140625 0.486328125 0.4931640625 0.49609375 0.4892578125 0.49609375 0.4814453125 0.4892578125 0.4765625 0.4775390625 0.474609375
1 0.5224609375 0.50390625 0.5205078125 0.505859375 0.5107421875 0.505859375 0.50390625 0.5107421875 0.50390625 0.5146484375 0.5087890625 0.517578125 0.51953125 0.5166015625 0.5302734375 0.515625 0.537109375 0.5087890625 0.5322265625 0.50390625 0.5224609375 0.50390625
1 0.4873046875 0.501953125 0.48046875 0.5107421875 0.4853515625 0.515625 0.494140625 0.5146484375 0.4990234375 0.513671875 0.501953125 0.5068359375 0.4970703125 0.501953125 0.4873046875 0.501953125
1 0.3701171875 0.443359375 0.3623046875 0.4453125 0.357421875 0.4501953125 0.357421875 0.4560546875 0.3642578125 0.462890625 0.380859375 0.4619140625 0.388671875 0.4560546875 0.388671875 0.4462890625 0.3857421875 0.443359375 0.3701171875 0.443359375
1 0.3740234375 0.537109375 0.3681640625 0.53515625 0.3369140625 0.537109375 0.322265625 0.5478515625 0.3232421875 0.552734375 0.3271484375 0.5546875 0.333984375 0.5537109375 0.3701171875 0.55078125 0.3779296875 0.548828125 0.380859375 0.5439453125 0.3740234375 0.537109375
1 0.318359375 0.5498046875 0.3056640625 0.55078125 0.2998046875 0.548828125 0.2939453125 0.552734375 0.2919921875 0.55078125 0.2880859375 0.552734375 0.2763671875 0.55078125 0.2705078125 0.5546875 0.2626953125 0.5546875 0.24609375 0.5634765625 0.2509765625 0.568359375 0.259765625 0.5673828125 0.2763671875 0.56640625 0.2998046875 0.55859375 0.3095703125 0.55859375 0.318359375 0.5498046875
1 0.2607421875 0.4375 0.2568359375 0.4375 0.236328125 0.4521484375 0.23828125 0.4580078125 0.2431640625 0.4609375 0.263671875 0.4599609375 0.26953125 0.4560546875 0.26953125 0.4482421875 0.265625 0.4404296875 0.2607421875 0.4375
1 0.2646484375 0.498046875 0.2509765625 0.498046875 0.2431640625 0.501953125 0.236328125 0.5107421875 0.2421875 0.5244140625 0.2470703125 0.529296875 0.263671875 0.5283203125 0.2685546875 0.52734375 0.2734375 0.5224609375 0.26953125 0.5029296875 0.2646484375 0.498046875
1 0.2275390625 0.5546875 0.2177734375 0.55078125 0.212890625 0.5576171875 0.212890625 0.5615234375 0.20703125 0.5673828125 0.2099609375 0.5703125 0.232421875 0.5693359375 0.2431640625 0.568359375 0.24609375 0.5615234375 0.2392578125 0.5546875 0.2275390625 0.5546875
1 0.212890625 0.5595703125 0.212890625 0.5361328125 0.20703125 0.5107421875 0.2041015625 0.5078125 0.1982421875 0.51171875 0.1865234375 0.5078125 0.1826171875 0.509765625 0.1728515625 0.509765625 0.1708984375 0.5078125 0.1494140625 0.509765625 0.146484375 0.5205078125 0.1484375 0.5224609375 0.150390625 0.5537109375 0.154296875 0.5654296875 0.1572265625 0.568359375 0.1728515625 0.5703125 0.1767578125 0.57421875 0.185546875 0.5732421875 0.1904296875 0.572265625 0.1962890625 0.5625 0.2021484375 0.564453125 0.212890625 0.5595703125
1 0.0830078125 0.5390625 0.0537109375 0.541015625 0.0517578125 0.54296875 0.0419921875 0.541015625 0.0361328125 0.54296875 0.025390625 0.5419921875 0.02734375 0.5458984375 0.0234375 0.5478515625 0.0234375 0.5576171875 0.0322265625 0.583984375 0.0478515625 0.583984375 0.0517578125 0.580078125 0.0576171875 0.580078125 0.0595703125 0.583984375 0.0654296875 0.583984375 0.0693359375 0.580078125 0.0732421875 0.5859375 0.08984375 0.5869140625 0.091796875 0.5693359375 0.087890625 0.5576171875 0.087890625 0.5458984375 0.0830078125 0.5390625