1 0.99453125 0.42890625 0.0109375 0.0359375
1 0.9703125 0.35390625 0.015625 0.0328125
1 0.97734375 0.3015625 0.015625 0.0328125
1 0.94140625 0.2640625 0.0125 0.021875
1 0.7625 0.45 0.0265625 0.040625
1 0.934375 0.89609375 0.040625 0.028125
1 0.8078125 0.85625 0.040625 0.028125
1 0.871875 0.8921875 0.015625 0.0203125
1 0.87265625 0.77265625 0.021875 0.0359375
1 0.83203125 0.6359375 0.009375 0.0328125
1 0.7640625 0.84375 0.0296875 0.021875
1 0.74140625 0.7578125 0.034375 0.025
1 0.69609375 0.84765625 0.0203125 0.0203125
1 0.71640625 0.825 0.025 0.015625
1 0.68203125 0.81640625 0.028125 0.0171875
1 0.8328125 0.8125 0.021875 0.0203125
1 0.6625 0.8078125 0.015625 0.0203125
1 0.7546875 0.8609375 0.015625 0.021875
1 0.69296875 0.73125 0.0265625 0.0328125
1 0.74921875 0.9015625 0.009375 0.021875
1 0.90625 0.8078125 0.0125 0.025
1 0.76796875 0.99375 0.015625 0.0125
1 0.7453125 0.9609375 0.0125 0.0171875
1 0.6046875 0.78515625 0.0296875 0.0203125
1 0.5390625 0.6125 0.021875 0.015625
1 0.55078125 0.63984375 0.01875 0.0203125
1 0.62109375 0.99453125 0.0265625 0.0109375
1 0.55859375 0.7765625 0.025 0.021875
1 0.51328125 0.77109375 0.0375 0.0375
1 0.4421875 0.74765625 0.0265625 0.034375
1 0.4 0.7359375 0.0265625 0.028125
1 0.365625 0.75390625 0.0265625 0.028125
1 0.57890625 0.97109375 0.0375 0.028125
1 0.69140625 0.29765625 0.0265625 0.0296875
1 0.46484375 0.55625 0.059375 0.046875
1 0.41015625 0.7609375 0.0265625 0.0328125
1 0.5140625 0.91015625 0.03125 0.0296875
1 0.55234375 0.46640625 0.028125 0.0421875