1 0.5296875 0.30390625 0.0671875 0.09375
1 0.125 0.29453125 0.0625 0.1046875
1 0.30625 0.65703125 0.04375 0.0671875
1 0.875 0.61015625 0.071875 0.13125
1 0.55234375 0.13046875 0.053125 0.059375
1 0.4890625 0.190625 0.0296875 0.053125
1 0.47578125 0.6265625 0.01875 0.0375
1 0.6625 0.6546875 0.025 0.0625
1 0.7203125 0.309375 0.021875 0.0375
1 0.171875 0.634375 0.059375 0.090625
1 0.79296875 0.3171875 0.025 0.0375
1 0.01328125 0.7109375 0.025 0.034375
1 0.65859375 0.23671875 0.025 0.040625
1 0.5203125 0.2390625 0.0484375 0.059375
1 0.4125 0.68125 0.0484375 0.0484375
1 0.4515625 0.29296875 0.04375 0.0625
1 0.71484375 0.08203125 0.034375 0.04375
1 0.6875 0.0171875 0.034375 0.034375
1 0.7125 0.86171875 0.0375 0.059375
1 0.58046875 0.56328125 0.040625 0.059375