1 0.89609375 0.02109375 0.0296875 0.040625
1 0.76484375 0.01796875 0.0546875 0.0359375
1 0.6 0.1328125 0.115625 0.06875
1 0.45703125 0.12890625 0.065625 0.0625
1 0.3046875 0.11953125 0.109375 0.065625
1 0.81796875 0.10546875 0.0609375 0.04375
1 0.80703125 0.3703125 0.065625 0.040625
1 0.56328125 0.37265625 0.075 0.06875
1 0.60859375 0.4515625 0.075 0.04375
1 0.7375 0.48125 0.0625 0.040625
1 0.24375 0.221875 0.040625 0.065625
1 0.421875 0.3765625 0.034375 0.040625
1 0.41875 0.50703125 0.0625 0.053125
1 0.84140625 0.48359375 0.084375 0.046875
1 0.8953125 0.5140625 0.059375 0.053125
1 0.92734375 0.68125 0.0953125 0.053125
1 0.62890625 0.62734375 0.05 0.040625
1 0.78203125 0.53515625 0.059375 0.0625
1 0.05234375 0.36484375 0.0609375 0.059375
1 0.35078125 0.659375 0.0359375 0.046875
1 0.53984375 0.88125 0.0546875 0.059375
1 0.196875 0.53203125 0.0421875 0.053125
1 0.19375 0.58359375 0.0515625 0.040625
1 0.675 0.98125 0.090625 0.0375
1 0.0234375 0.86640625 0.034375 0.0625
1 0.11171875 0.88828125 0.05625 0.05
1 0.24453125 0.4375 0.040625 0.05
1 0.2625 0.2859375 0.028125 0.0265625