1 0.0537109375 0.400390625 0.0361328125 0.400390625 0.0341796875 0.3984375 0.0185546875 0.400390625 0.0166015625 0.3984375 0.0078125 0.4052734375 0.00390625 0.4169921875 0.0048828125 0.431640625 0.0302734375 0.4375 0.0546875 0.4365234375 0.05859375 0.4345703125 0.0625 0.4169921875 0.05859375 0.4052734375 0.0537109375 0.400390625
1 0.0595703125 0.466796875 0.0439453125 0.466796875 0.0419921875 0.46484375 0.033203125 0.4677734375 0.03125 0.4736328125 0.0400390625 0.48046875 0.0595703125 0.484375 0.06640625 0.4833984375 0.0732421875 0.482421875 0.076171875 0.4794921875 0.0751953125 0.47265625 0.0595703125 0.466796875
1 0.08203125 0.5107421875 0.0849609375 0.517578125 0.1015625 0.5185546875 0.10546875 0.5126953125 0.1005859375 0.5078125 0.0869140625 0.505859375 0.08203125 0.5107421875
1 0.1142578125 0.505859375 0.1201171875 0.5078125 0.130859375 0.5068359375 0.1328125 0.4990234375 0.1298828125 0.49609375 0.111328125 0.4990234375 0.1142578125 0.505859375
1 0.0244140625 0.5078125 0.01953125 0.5126953125 0.021484375 0.5185546875 0.0283203125 0.5234375 0.05078125 0.5244140625 0.0546875 0.5205078125 0.0546875 0.5146484375 0.0458984375 0.509765625 0.0244140625 0.5078125
1 0.1533203125 0.453125 0.1572265625 0.455078125 0.16796875 0.4541015625 0.169921875 0.4482421875 0.1669921875 0.4453125 0.15234375 0.4462890625 0.1533203125 0.453125
1 0.181640625 0.4677734375 0.1884765625 0.47265625 0.205078125 0.4736328125 0.208984375 0.4677734375 0.2041015625 0.462890625 0.181640625 0.4638671875 0.181640625 0.4677734375
1 0.2890625 0.4951171875 0.2900390625 0.50390625 0.3037109375 0.5078125 0.3125 0.5068359375 0.31640625 0.5009765625 0.3134765625 0.49609375 0.3095703125 0.494140625 0.2890625 0.4951171875
1 0.3828125 0.4736328125 0.380859375 0.4794921875 0.3857421875 0.484375 0.3984375 0.4853515625 0.40625 0.4794921875 0.4033203125 0.474609375 0.3974609375 0.47265625 0.3828125 0.4736328125
1 0.337890625 0.4443359375 0.3427734375 0.451171875 0.369140625 0.4521484375 0.373046875 0.4482421875 0.3662109375 0.443359375 0.3408203125 0.44140625 0.337890625 0.4443359375
1 0.376953125 0.4560546875 0.3837890625 0.462890625 0.39453125 0.4619140625 0.396484375 0.4560546875 0.3935546875 0.453125 0.3798828125 0.453125 0.376953125 0.4560546875
1 0.4267578125 0.546875 0.40625 0.5458984375 0.40234375 0.5556640625 0.40234375 0.5654296875 0.4052734375 0.568359375 0.4072265625 0.56640625 0.4248046875 0.5703125 0.4453125 0.5693359375 0.451171875 0.5634765625 0.451171875 0.5595703125 0.4462890625 0.5546875 0.4267578125 0.546875
1 0.4833984375 0.529296875 0.478515625 0.5322265625 0.478515625 0.5380859375 0.4814453125 0.541015625 0.4892578125 0.54296875 0.515625 0.5419921875 0.517578125 0.5400390625 0.5107421875 0.533203125 0.5048828125 0.53125 0.4833984375 0.529296875
1 0.6318359375 0.50390625 0.625 0.5087890625 0.623046875 0.5244140625 0.6259765625 0.52734375 0.6318359375 0.529296875 0.65625 0.5283203125 0.658203125 0.5263671875 0.658203125 0.5146484375 0.6513671875 0.5078125 0.6318359375 0.50390625
1 0.51953125 0.4541015625 0.51953125 0.4638671875 0.5302734375 0.470703125 0.5498046875 0.47265625 0.5517578125 0.474609375 0.576171875 0.4736328125 0.580078125 0.4638671875 0.5751953125 0.4609375 0.5380859375 0.453125 0.51953125 0.4541015625
1 0.61328125 0.5634765625 0.61328125 0.5712890625 0.6162109375 0.57421875 0.634765625 0.5732421875 0.638671875 0.5673828125 0.6337890625 0.564453125 0.6279296875 0.5625 0.61328125 0.5634765625
1 0.6416015625 0.470703125 0.6298828125 0.466796875 0.61328125 0.4677734375 0.6162109375 0.47265625 0.6259765625 0.478515625 0.654296875 0.4814453125 0.6650390625 0.48046875 0.66796875 0.4755859375 0.6650390625 0.47265625 0.6416015625 0.470703125
1 0.7021484375 0.484375 0.6982421875 0.490234375 0.6884765625 0.48828125 0.685546875 0.4912109375 0.6884765625 0.49609375 0.73046875 0.4951171875 0.732421875 0.4931640625 0.7314453125 0.48828125 0.7177734375 0.484375 0.7021484375 0.484375
1 0.7783203125 0.533203125 0.7958984375 0.533203125 0.7998046875 0.529296875 0.8076171875 0.53125 0.810546875 0.5283203125 0.8056640625 0.52734375 0.8046875 0.5244140625 0.8095703125 0.525390625 0.8125 0.5224609375 0.8125 0.5166015625 0.8037109375 0.51171875 0.7978515625 0.51171875 0.7939453125 0.5078125 0.7841796875 0.51171875 0.7783203125 0.5 0.7685546875 0.505859375 0.7333984375 0.501953125 0.71875 0.5146484375 0.720703125 0.5361328125 0.7275390625 0.541015625 0.7412109375 0.541015625 0.7431640625 0.54296875 0.7509765625 0.541015625 0.75 0.5439453125 0.755859375 0.5458984375 0.7646484375 0.53125 0.7724609375 0.533203125 0.7744140625 0.53125 0.7783203125 0.533203125
1 0.9033203125 0.509765625 0.8544921875 0.5078125 0.8447265625 0.51171875 0.8427734375 0.509765625 0.8359375 0.5166015625 0.83203125 0.5361328125 0.83203125 0.5439453125 0.8349609375 0.546875 0.8427734375 0.544921875 0.8447265625 0.546875 0.8583984375 0.546875 0.8759765625 0.55078125 0.884765625 0.5498046875 0.8955078125 0.548828125 0.90234375 0.5439453125 0.908203125 0.5166015625 0.9033203125 0.509765625
1 0.2138671875 0.41796875 0.2041015625 0.41796875 0.2021484375 0.416015625 0.1484375 0.4150390625 0.146484375 0.4326171875 0.1494140625 0.435546875 0.1689453125 0.4375 0.1708984375 0.439453125 0.1875 0.4384765625 0.2119140625 0.435546875 0.216796875 0.4306640625 0.216796875 0.4208984375 0.2138671875 0.41796875